Predicted NACA
   1.00000   0.00078
   0.99869   0.00089
   0.99735   0.00100
   0.99599   0.00112
   0.99458   0.00124
   0.99315   0.00136
   0.99168   0.00149
   0.99018   0.00162
   0.98864   0.00175
   0.98706   0.00188
   0.98545   0.00202
   0.98380   0.00216
   0.98211   0.00230
   0.98039   0.00245
   0.97862   0.00260
   0.97681   0.00275
   0.97495   0.00291
   0.97306   0.00306
   0.97112   0.00323
   0.96913   0.00339
   0.96710   0.00356
   0.96501   0.00373
   0.96288   0.00391
   0.96070   0.00409
   0.95847   0.00427
   0.95619   0.00446
   0.95385   0.00465
   0.95145   0.00485
   0.94900   0.00504
   0.94650   0.00525
   0.94393   0.00546
   0.94130   0.00567
   0.93862   0.00588
   0.93586   0.00610
   0.93305   0.00633
   0.93017   0.00656
   0.92722   0.00679
   0.92420   0.00703
   0.92110   0.00727
   0.91794   0.00752
   0.91470   0.00777
   0.91139   0.00803
   0.90800   0.00829
   0.90452   0.00856
   0.90097   0.00884
   0.89733   0.00911
   0.89361   0.00940
   0.88980   0.00969
   0.88590   0.00998
   0.88190   0.01028
   0.87782   0.01059
   0.87364   0.01090
   0.86936   0.01122
   0.86497   0.01154
   0.86049   0.01187
   0.85590   0.01220
   0.85120   0.01254
   0.84639   0.01289
   0.84147   0.01325
   0.83643   0.01361
   0.83128   0.01397
   0.82600   0.01434
   0.82060   0.01472
   0.81507   0.01511
   0.80941   0.01550
   0.80362   0.01590
   0.79769   0.01630
   0.79162   0.01671
   0.78541   0.01713
   0.77905   0.01755
   0.77255   0.01798
   0.76589   0.01842
   0.75907   0.01886
   0.75210   0.01931
   0.74495   0.01977
   0.73765   0.02023
   0.73017   0.02070
   0.72251   0.02118
   0.71467   0.02166
   0.70665   0.02215
   0.69844   0.02264
   0.69004   0.02314
   0.68144   0.02364
   0.67263   0.02415
   0.66362   0.02467
   0.65440   0.02519
   0.64496   0.02571
   0.63530   0.02624
   0.62541   0.02677
   0.61529   0.02730
   0.60493   0.02783
   0.59432   0.02837
   0.58347   0.02891
   0.57236   0.02944
   0.56099   0.02998
   0.54935   0.03051
   0.53744   0.03103
   0.52525   0.03156
   0.51277   0.03207
   0.50000   0.03258
   0.48723   0.03307
   0.47475   0.03352
   0.46256   0.03394
   0.45065   0.03432
   0.43901   0.03468
   0.42764   0.03501
   0.41653   0.03531
   0.40568   0.03558
   0.39507   0.03582
   0.38471   0.03604
   0.37459   0.03623
   0.36470   0.03640
   0.35504   0.03654
   0.34560   0.03666
   0.33638   0.03676
   0.32737   0.03683
   0.31856   0.03689
   0.30996   0.03692
   0.30156   0.03694
   0.29335   0.03693
   0.28533   0.03691
   0.27749   0.03686
   0.26983   0.03680
   0.26235   0.03673
   0.25505   0.03664
   0.24790   0.03653
   0.24093   0.03641
   0.23411   0.03627
   0.22745   0.03612
   0.22095   0.03596
   0.21459   0.03578
   0.20838   0.03559
   0.20231   0.03539
   0.19638   0.03518
   0.19059   0.03495
   0.18493   0.03472
   0.17940   0.03448
   0.17400   0.03422
   0.16872   0.03396
   0.16357   0.03369
   0.15853   0.03341
   0.15361   0.03312
   0.14880   0.03282
   0.14410   0.03251
   0.13951   0.03220
   0.13503   0.03188
   0.13064   0.03155
   0.12636   0.03122
   0.12218   0.03088
   0.11810   0.03053
   0.11410   0.03018
   0.11020   0.02982
   0.10639   0.02946
   0.10267   0.02909
   0.09903   0.02872
   0.09548   0.02834
   0.09200   0.02795
   0.08861   0.02756
   0.08530   0.02717
   0.08206   0.02677
   0.07890   0.02636
   0.07580   0.02596
   0.07278   0.02554
   0.06983   0.02512
   0.06695   0.02470
   0.06414   0.02427
   0.06138   0.02384
   0.05870   0.02340
   0.05607   0.02296
   0.05350   0.02251
   0.05100   0.02206
   0.04855   0.02160
   0.04615   0.02114
   0.04381   0.02067
   0.04153   0.02019
   0.03930   0.01971
   0.03712   0.01922
   0.03499   0.01872
   0.03290   0.01822
   0.03087   0.01771
   0.02888   0.01718
   0.02694   0.01665
   0.02505   0.01610
   0.02319   0.01555
   0.02138   0.01498
   0.01961   0.01439
   0.01789   0.01379
   0.01620   0.01317
   0.01455   0.01252
   0.01294   0.01185
   0.01136   0.01114
   0.00982   0.01040
   0.00832   0.00960
   0.00685   0.00875
   0.00542   0.00781
   0.00401   0.00676
   0.00265   0.00551
   0.00131   0.00390
   0.00000   0.00000
   0.00000   0.00000
   0.00131  -0.00390
   0.00265  -0.00551
   0.00401  -0.00676
   0.00542  -0.00781
   0.00685  -0.00875
   0.00832  -0.00960
   0.00982  -0.01040
   0.01136  -0.01114
   0.01294  -0.01185
   0.01455  -0.01252
   0.01620  -0.01317
   0.01789  -0.01379
   0.01961  -0.01439
   0.02138  -0.01498
   0.02319  -0.01555
   0.02505  -0.01610
   0.02694  -0.01665
   0.02888  -0.01718
   0.03087  -0.01771
   0.03290  -0.01822
   0.03499  -0.01872
   0.03712  -0.01922
   0.03930  -0.01971
   0.04153  -0.02019
   0.04381  -0.02067
   0.04615  -0.02114
   0.04855  -0.02160
   0.05100  -0.02206
   0.05350  -0.02251
   0.05607  -0.02296
   0.05870  -0.02340
   0.06138  -0.02384
   0.06414  -0.02427
   0.06695  -0.02470
   0.06983  -0.02512
   0.07278  -0.02554
   0.07580  -0.02596
   0.07890  -0.02636
   0.08206  -0.02677
   0.08530  -0.02717
   0.08861  -0.02756
   0.09200  -0.02795
   0.09548  -0.02834
   0.09903  -0.02872
   0.10267  -0.02909
   0.10639  -0.02946
   0.11020  -0.02982
   0.11410  -0.03018
   0.11810  -0.03053
   0.12218  -0.03088
   0.12636  -0.03122
   0.13064  -0.03155
   0.13503  -0.03188
   0.13951  -0.03220
   0.14410  -0.03251
   0.14880  -0.03282
   0.15361  -0.03312
   0.15853  -0.03341
   0.16357  -0.03369
   0.16872  -0.03396
   0.17400  -0.03422
   0.17940  -0.03448
   0.18493  -0.03472
   0.19059  -0.03495
   0.19638  -0.03518
   0.20231  -0.03539
   0.20838  -0.03559
   0.21459  -0.03578
   0.22095  -0.03596
   0.22745  -0.03612
   0.23411  -0.03627
   0.24093  -0.03641
   0.24790  -0.03653
   0.25505  -0.03664
   0.26235  -0.03673
   0.26983  -0.03680
   0.27749  -0.03686
   0.28533  -0.03691
   0.29335  -0.03693
   0.30156  -0.03694
   0.30996  -0.03692
   0.31856  -0.03689
   0.32737  -0.03683
   0.33638  -0.03676
   0.34560  -0.03666
   0.35504  -0.03654
   0.36470  -0.03640
   0.37459  -0.03623
   0.38471  -0.03604
   0.39507  -0.03582
   0.40568  -0.03558
   0.41653  -0.03531
   0.42764  -0.03501
   0.43901  -0.03468
   0.45065  -0.03432
   0.46256  -0.03394
   0.47475  -0.03352
   0.48723  -0.03307
   0.50000  -0.03258
   0.51277  -0.03207
   0.52525  -0.03156
   0.53744  -0.03103
   0.54935  -0.03051
   0.56099  -0.02998
   0.57236  -0.02944
   0.58347  -0.02891
   0.59432  -0.02837
   0.60493  -0.02783
   0.61529  -0.02730
   0.62541  -0.02677
   0.63530  -0.02624
   0.64496  -0.02571
   0.65440  -0.02519
   0.66362  -0.02467
   0.67263  -0.02415
   0.68144  -0.02364
   0.69004  -0.02314
   0.69844  -0.02264
   0.70665  -0.02215
   0.71467  -0.02166
   0.72251  -0.02118
   0.73017  -0.02070
   0.73765  -0.02023
   0.74495  -0.01977
   0.75210  -0.01931
   0.75907  -0.01886
   0.76589  -0.01842
   0.77255  -0.01798
   0.77905  -0.01755
   0.78541  -0.01713
   0.79162  -0.01671
   0.79769  -0.01630
   0.80362  -0.01590
   0.80941  -0.01550
   0.81507  -0.01511
   0.82060  -0.01472
   0.82600  -0.01434
   0.83128  -0.01397
   0.83643  -0.01361
   0.84147  -0.01325
   0.84639  -0.01289
   0.85120  -0.01254
   0.85590  -0.01220
   0.86049  -0.01187
   0.86497  -0.01154
   0.86936  -0.01122
   0.87364  -0.01090
   0.87782  -0.01059
   0.88190  -0.01028
   0.88590  -0.00998
   0.88980  -0.00969
   0.89361  -0.00940
   0.89733  -0.00911
   0.90097  -0.00884
   0.90452  -0.00856
   0.90800  -0.00829
   0.91139  -0.00803
   0.91470  -0.00777
   0.91794  -0.00752
   0.92110  -0.00727
   0.92420  -0.00703
   0.92722  -0.00679
   0.93017  -0.00656
   0.93305  -0.00633
   0.93586  -0.00610
   0.93862  -0.00588
   0.94130  -0.00567
   0.94393  -0.00546
   0.94650  -0.00525
   0.94900  -0.00504
   0.95145  -0.00485
   0.95385  -0.00465
   0.95619  -0.00446
   0.95847  -0.00427
   0.96070  -0.00409
   0.96288  -0.00391
   0.96501  -0.00373
   0.96710  -0.00356
   0.96913  -0.00339
   0.97112  -0.00323
   0.97306  -0.00306
   0.97495  -0.00291
   0.97681  -0.00275
   0.97862  -0.00260
   0.98039  -0.00245
   0.98211  -0.00230
   0.98380  -0.00216
   0.98545  -0.00202
   0.98706  -0.00188
   0.98864  -0.00175
   0.99018  -0.00162
   0.99168  -0.00149
   0.99315  -0.00136
   0.99458  -0.00124
   0.99599  -0.00112
   0.99735  -0.00100
   0.99869  -0.00089
   1.00000  -0.00078
