Analyzed, but Config Parameter was out of boundary
 #----Predicted Configure----# #---------------Answer Performance--------------# #------Answer Configure-----# #---------------Answer Performance--------------#
         c        Lc         t       Cl0      Cla0       Cd0       Cm0      Cma0         c        Lc         t       Cl0      Cla0       Cd0       Cm0      Cma0
 ========= ========= ========= ========= ========= ========= ========= ========= ========= ========= ========= ========= ========= ========= ========= =========
   6.14501  10.29291   8.34020  -0.20140   0.11360   0.00583  -0.04720   0.00030   6.14346  10.33131   8.34352  -0.20290   0.11350   0.00583  -0.04680   0.00040
   6.43252  10.30679   8.31342  -0.21150   0.11360   0.00589  -0.04940   0.00040   6.42411  10.32646   8.33331  -0.21190   0.11370   0.00589  -0.04910   0.00040
   6.54225  10.30979   8.29641  -0.21520   0.11360   0.00592  -0.05020   0.00040   6.52588  10.32911   8.29609  -0.21540   0.11370   0.00592  -0.04990   0.00040
   6.18463  10.31706   8.32511  -0.20350   0.11350   0.00583  -0.04730   0.00030   6.19124  10.34843   8.31576  -0.20520   0.11360   0.00583  -0.04700   0.00030
   6.38365  10.30269   8.31884  -0.20980   0.11380   0.00589  -0.04900   0.00040   6.37289  10.32130   8.30698  -0.20950   0.11370   0.00587  -0.04890   0.00040
   6.39561  10.30610   8.32292  -0.21030   0.11380   0.00588  -0.04910   0.00040   6.38939  10.32425   8.32820  -0.21130   0.11370   0.00589  -0.04870   0.00040
   6.44115  10.30667   8.31133  -0.21200   0.11370   0.00590  -0.04940   0.00040   6.42931  10.31856   8.32653  -0.21200   0.11370   0.00589  -0.04920   0.00040
   6.37181  10.31067   8.31991  -0.20950   0.11370   0.00587  -0.04890   0.00040   6.36481  10.32814   8.31603  -0.21010   0.11360   0.00588  -0.04860   0.00040
   6.38297  10.29732   8.32723  -0.20970   0.11380   0.00588  -0.04900   0.00040   6.37090  10.32184   8.35546  -0.20980   0.11380   0.00588  -0.04880   0.00040
