Predicted but Cannot Analyze by Xfoil
 #----Predicted Configure----# #------Answer Configure-----#  #--------------Answer Performance--------------#
         c        Lc         t         c        Lc         t       Cl0      Cla0       Cd0       Cm0      Cma0
 ========= ========= ========= ========= ========= ========= ========= ========= ========= ========= =========
   0.00000   5.03173   7.77766   0.00000   4.98861   7.75539   0.00000   0.11070   0.00419  -0.00000   0.00030
   2.94444   3.11968  10.22531   2.97029   3.12099  10.14229   0.34430   0.11210   0.00612  -0.06700  -0.00010
   0.95789   7.11903  19.11432   0.95956   7.11213  19.14302   0.15980   0.11440   0.00644  -0.04080   0.00040
   1.92921   7.19951  17.23335   1.92656   7.18508  17.29835   0.32720   0.11150   0.00616  -0.08440   0.00100
   0.98495   5.87483   9.26309   0.99298   5.84532   9.18907   0.14830   0.11190   0.00451  -0.03690   0.00030
   4.03116   3.98287   6.67097   4.04738   3.96633   6.49163   0.48600   0.11190   0.00532  -0.10710  -0.00020
   2.94977   4.93510   4.16703   2.97157   4.91227   4.11926   0.37850   0.10100   0.00560  -0.09130   0.00050
   8.00800   8.00407  19.96772   8.00452   8.00202  20.02333   0.97060   0.09950   0.02118  -0.28120   0.00250
   2.96692   7.96223   5.20858   3.01282   7.91509   5.03813   0.57180   0.10450   0.00642  -0.16010   0.00120
   1.04562   1.98944   7.07275   1.05138   2.00876   7.15428   0.11340   0.10730   0.00479  -0.01910   0.00070
   5.82302   2.00957   6.57788   5.79993   2.01701   6.61547   0.59930   0.11490   0.00867  -0.10240  -0.00010
   4.02906   1.99788  12.69806   4.03860   1.97203  12.38129   0.43660   0.11590   0.00803  -0.06740   0.00010
   4.93717   8.98237   9.55707   4.91053   8.98810   9.50960   0.81630   0.11120   0.01408  -0.24080   0.00050
   0.99496   4.92626   7.87269   0.99621   4.89894   7.85472   0.13360   0.11030   0.00428  -0.03150   0.00030
   4.00474   4.96975   5.05711   4.00997   4.96180   4.96768   0.52030   0.11030   0.00480  -0.12560  -0.00020
   4.92165   3.11513  20.36029   4.90667   3.11579  20.31520   0.56390   0.11150   0.00815  -0.09600   0.00090
   4.99144   5.01048   2.08299   5.00000   5.00000   2.00000   0.61190   0.10730   0.00802  -0.15230  -0.00080
   9.03958   9.09903  15.33006   8.99634   9.10359  15.34387   0.88040   0.12490   0.02847  -0.28780  -0.00230
   2.06504   3.99848   5.22523   2.00000   4.00000   5.00000   0.23900   0.11020   0.00532  -0.05310  -0.00050
   0.00000   5.03173   7.77766   0.00000   5.20657   7.76591   0.00000   0.11070   0.00419  -0.00000   0.00030
   4.92653   0.92899  10.67323   4.90690   0.96116  10.72197   0.49710   0.11610   0.00976  -0.06010   0.00060
   4.89888   4.18371   5.93695   4.92604   4.20394   5.92260   0.59860   0.11080   0.00526  -0.13550   0.00000
   0.00008   4.22472   1.96509   0.00000   4.24569   2.00148  -0.00000   0.10810   0.00720   0.00000  -0.00080
   2.96749   8.21776   3.87282   2.95737   8.22956   3.89923   0.58850   0.11320   0.00780  -0.16730  -0.00090
   4.11588   4.06454   4.99123   4.13400   4.06562   5.03392   0.49210   0.11150   0.00552  -0.11060  -0.00030
   4.03082   6.98525  14.19752   4.03593   6.98687  14.23827   0.67090   0.09370   0.00557  -0.17370   0.00460
   0.99298   7.99325   1.70535   1.00465   7.91457   1.69510   0.18880   0.10750   0.00723  -0.05410  -0.00090
   5.05509   0.94734  10.65942   5.05074   0.98505  10.78579   0.51230   0.11620   0.00994  -0.06230   0.00050
   0.94554   6.30632   7.09431   0.94567   6.28813   7.02871   0.14700   0.10810   0.00414  -0.03790   0.00050
   1.09778   6.77662   0.33450   1.09986   6.74927   0.88117   0.16620   0.10430   0.00704  -0.04620  -0.00120
   1.95272   4.97477   8.04158   1.94764   4.97145   8.04490   0.26240   0.11180   0.00439  -0.06220   0.00010
   5.11976   2.95397   2.98696   5.04254   2.91703   3.74316   0.53920   0.11240   0.00705  -0.10840  -0.00060
   0.00008   4.22472   1.96509   0.00000   4.24569   2.00148  -0.00000   0.10810   0.00720   0.00000  -0.00080
   0.94527   1.13857  16.98799   0.95126   1.12059  16.97925   0.10080   0.11560   0.00615  -0.01040   0.00020
   2.84889   2.23356  16.40438   2.85973   2.22575  16.36291   0.31600   0.11380   0.00670  -0.04810   0.00040
   2.80652   3.11146   2.66323   2.79915   3.10890   2.65932   0.29920   0.10970   0.00757  -0.06220  -0.00060
   8.98176   5.93273  12.39966   8.99504   5.95409  12.46230   1.29880   0.09970   0.00549  -0.32290   0.00270
   0.00000   5.26147   6.93546   0.00000   5.49906   6.99007  -0.00010   0.10870   0.00425   0.00000   0.00050
   5.00591   2.97146  11.81281   4.98595   2.96805  11.76565   0.56810   0.11600   0.00730  -0.10630  -0.00020
   2.02288   8.90732   6.79439   2.02311   8.90741   6.76581   0.51040   0.11090   0.00583  -0.14260   0.00010
   8.98545   9.00334  16.14289   8.98693   9.01891  16.01820   0.89870   0.12660   0.02885  -0.29010  -0.00280
   6.06665   9.00124   4.10179   6.09241   8.97983   4.11186   0.89260   0.13160   0.01995  -0.27570  -0.00490
   6.02572   5.99096   7.49694   6.02637   6.02957   7.56856   0.89790   0.11150   0.00417  -0.22880   0.00010
   4.15758   7.08110   6.24444   4.10795   7.12118   6.37313   0.70890   0.06980   0.00403  -0.19040   0.00860
   6.06953   6.09580   5.40377   6.06301   6.11123   5.48410   0.89640   0.08410   0.00413  -0.23200   0.00550
   0.93952   2.98478   6.15005   0.94510   2.97905   6.01250   0.10690   0.10700   0.00477  -0.02110   0.00040
   6.91133   3.99529   7.35617   6.95514   4.00385   7.27607   0.82800   0.11350   0.00615  -0.18250  -0.00040
   6.13130   5.86012  11.58420   6.12294   5.89332  11.68772   0.91330   0.11340   0.00476  -0.22590   0.00010
   5.93402   1.84739   6.61905   5.91511   1.88090   6.18308   0.60480   0.11400   0.00921  -0.10110   0.00000
   0.96464   3.99963  16.05412   0.97664   3.98357  16.12239   0.12440   0.11550   0.00594  -0.02550   0.00010
   3.12414   7.27104   5.02202   3.02320   7.36339   5.27897   0.51460   0.09540   0.00076  -0.13980   0.00270
   0.00000   4.79821  12.16926   0.00000   4.78238  12.20454   0.00000   0.11450   0.00518  -0.00000   0.00010
   7.05152   6.01591   6.18241   7.06387   6.02808   6.18216   1.03210   0.11200   0.00431  -0.26540  -0.00040
   8.00318   7.98653  16.84322   7.97690   8.02451  16.90815   1.16080  -0.04270   0.01520  -0.32550   0.03310
   2.88140   4.02493   6.71896   2.86961   4.06194   6.99478   0.35160   0.11040   0.00503  -0.07780  -0.00030
   0.00000   5.38916   7.01216   0.00000   5.42836   7.00057   0.00010   0.10900   0.00420  -0.00000   0.00040
   2.02314   8.04980   8.06955   2.01041   8.10103   8.11263   0.42230   0.10060   0.00454  -0.11540   0.00250
   8.16673   3.16763  17.32316   8.16388   3.17508  17.39727   0.91060   0.10050   0.00899  -0.16320   0.00310
   5.07229   5.84246   9.54800   5.09180   5.83496   9.40838   0.75330   0.11380   0.00438  -0.18780   0.00000
   2.48094   8.35181   6.14989   2.56634   8.21204   5.99471   0.52930   0.10400   0.00583  -0.14790   0.00150
   5.87128   2.01811   6.55112   5.84981   2.02189   6.39332   0.60300   0.11470   0.00872  -0.10340   0.00000
   0.00008   4.22472   1.96509   0.00000   4.34515   1.99335  -0.00000   0.10810   0.00720   0.00000  -0.00080
   0.00000   5.39157   7.00646   0.00000   5.47251   7.02834  -0.00000   0.10900   0.00420   0.00000   0.00040
   0.00000   4.76367   6.00492   0.00000   4.85522   5.99725  -0.00000   0.10640   0.00462  -0.00000   0.00060
   7.19659   8.06602   6.39486   7.19226   8.07910   6.43190   1.12580  -0.03280   0.01187  -0.32540   0.03220
   7.91660   8.00170  13.31609   7.95284   7.97877  13.39118   1.26930   0.03370   0.01124  -0.35370   0.01770
   1.01013   1.42737  17.27428   1.01280   1.41853  17.21277   0.10820   0.11590   0.00616  -0.01260   0.00020
   8.96553   3.92888  16.14948   8.94456   3.95262  16.17517   1.03490   0.11020   0.00831  -0.21030   0.00070
   3.86900   9.01430   6.32369   3.81842   9.04594   6.03327   0.75090   0.13310   0.01026  -0.21960  -0.00490
   4.01646   8.01979  14.14949   4.01508   8.02680  14.20094   0.68350   0.10100   0.00689  -0.18770   0.00290
   3.01880   8.97491  15.96828   3.00000   9.00000  16.00000   0.57610   0.12760   0.00766  -0.16130  -0.00260
   3.01056   5.00534   9.93593   3.00940   5.00595   9.97680   0.40970   0.11370   0.00484  -0.09630   0.00000
   2.03241   1.87038   3.15450   2.02290   1.87589   3.12082   0.20310   0.11060   0.00766  -0.03500  -0.00030
   8.01433   2.95758  17.91093   8.01287   2.98028  17.98387   0.87940   0.09920   0.00923  -0.15080   0.00340
   2.94391   8.98516  13.22140   2.94202   8.98791  13.28821   0.59510   0.12790   0.00719  -0.16700  -0.00300
   1.06524   6.01182   8.97043   1.06472   6.02693   8.98860   0.16230   0.11150   0.00443  -0.04080   0.00030
   6.87295   7.93812   1.63832   7.00000   8.00000   2.00000   0.97120   0.10410   0.01555  -0.29290  -0.00070
   0.00000   4.91906   7.93839   0.00000   4.88152   7.92366   0.00000   0.11090   0.00428  -0.00000   0.00030
   4.01019   1.96907  12.31498   4.00056   1.96585  12.35585   0.43230   0.11590   0.00801  -0.06660   0.00000
   2.03368   4.89529   7.85399   2.04243   4.90677   7.89452   0.27330   0.11120   0.00440  -0.06450   0.00010
   5.03716   5.95536   1.91651   5.03331   5.95713   1.92623   0.67700   0.10590   0.00823  -0.17940  -0.00070
   3.03533   5.01629   7.47482   3.04751   5.02123   7.43503   0.40980   0.11080   0.00441  -0.09790   0.00020
   1.99267   0.86089   6.03998   1.99609   0.84423   6.05704   0.19850   0.11330   0.00805  -0.02530   0.00010
   3.94667   1.99183  12.25984   3.94611   1.96898  12.00967   0.42590   0.11580   0.00795  -0.06610   0.00000
   0.00008   4.22472   1.96509   0.00000   5.00000   2.00000  -0.00000   0.10810   0.00720   0.00000  -0.00080
   0.00000   4.74199  12.84579   0.00000   4.69751  12.82022  -0.00000   0.11450   0.00528   0.00000   0.00010
   1.03362   4.04060  13.30077   1.03974   4.03234  13.35769   0.13180   0.11520   0.00547  -0.02780   0.00000
   0.00000   5.41793   6.96518   0.00000   5.35824   6.94156   0.00000   0.10870   0.00423  -0.00000   0.00040
   3.04375   1.98794  17.23478   3.05767   1.98277  17.07237   0.33340   0.11240   0.00695  -0.04690   0.00070
   4.77058   5.06618   4.33330   4.79198   5.07432   4.29177   0.62020   0.10370   0.00513  -0.15170   0.00070
   6.99700   1.98967   8.48813   6.97764   2.01240   8.68946   0.72690   0.11490   0.00903  -0.12040   0.00010
   6.00781   8.02068  16.24614   6.00259   8.03148  16.28391   0.87270   0.08920   0.01195  -0.24600   0.00520
   0.02399   4.30435   2.06482   0.02308   4.21751   2.10291   0.00280   0.10850   0.00723  -0.00070  -0.00080
   8.01326   8.00445   7.16142   8.00095   8.01744   7.19909   1.33410  -0.15380   0.00870  -0.37890   0.06070
   0.00000   4.81485   6.01688   0.00000   4.92245   6.07955  -0.00000   0.10660   0.00471  -0.00000   0.00060
   3.06600   8.96382   9.43862   3.04948   8.99016   9.39654   0.63850   0.12980   0.00697  -0.18130  -0.00380
   8.98740   5.08230   7.86829   8.97646   5.09467   8.01898   1.17660   0.11210   0.00541  -0.28280  -0.00050
   0.00444   4.20015   1.93244   0.00000   4.15256   1.96241   0.00000   0.10790   0.00720   0.00000  -0.00080
   0.97282   7.23173  19.06804   0.97371   7.20733  19.07602   0.16360   0.11460   0.00643  -0.04200   0.00040
   7.87828   7.99542   6.00417   7.88394   8.01613   5.91648   1.21890  -0.08910   0.01225  -0.35260   0.04490
   7.82438   5.99756  15.70550   7.84284   6.00752  15.75268   1.13370   0.10490   0.00564  -0.27790   0.00180
   1.83790   8.12799   5.04018   1.83046   8.15902   5.06097   0.37720   0.10630   0.00565  -0.10570   0.00060
   0.00000   4.80027   5.01947   0.00000   4.71645   4.96705   0.00000   0.10860   0.00523  -0.00000  -0.00030
   0.00008   4.22472   1.96509   0.00000   3.94611   1.99461  -0.00000   0.10810   0.00720   0.00000  -0.00080
   8.91450   4.99624   2.24458   9.00000   5.00000   2.00000   1.06840   0.10560   0.01000  -0.26600  -0.00070
   5.93795   5.96215   7.21639   5.92840   6.00319   7.33234   0.87930   0.11180   0.00415  -0.22400   0.00000
   0.99326   0.81663   5.49321   1.00701   0.82400   5.37484   0.10370   0.10840   0.00628  -0.01260  -0.00040
   7.03181   6.01048   8.97254   7.03262   6.03275   9.06629   1.04820   0.11460   0.00453  -0.26540  -0.00060
   2.02437   7.78915  13.13395   2.03178   7.77584  13.05619   0.39070   0.11050   0.00550  -0.10410   0.00090
   2.97170   2.14836   7.45072   2.94759   2.13901   7.42757   0.31430   0.11390   0.00676  -0.05400  -0.00020
   2.93373   0.96237  11.85947   2.93897   0.97490  11.80645   0.30310   0.11540   0.00865  -0.03520   0.00030
   3.99236   7.15695  14.64974   3.98783   7.16203  14.65213   0.66510   0.08580   0.00580  -0.17360   0.00640
   0.96166   5.30046   8.03642   0.96757   5.32681   8.00124   0.13580   0.11090   0.00426  -0.03290   0.00030
   1.97258   9.00233  12.97084   1.95269   9.02141  12.95329   0.46790   0.12950   0.00588  -0.12810  -0.00330
   4.87219   5.04357   4.32184   4.88375   5.05036   4.38431   0.63160   0.10800   0.00509  -0.15410   0.00000
   6.07306   5.05483   5.19248   6.07327   5.06540   5.21771   0.79210   0.11130   0.00483  -0.19280  -0.00030
   8.44668   8.09472  10.40601   8.44037   8.08138  10.43102   1.29100   0.04210   0.01505  -0.36920   0.01600
   8.98469   8.74616  15.25301   8.97128   8.71284  15.13923   1.03010   0.09190   0.02970  -0.31700   0.00470
   1.05326   3.67759   5.97469   1.04153   3.66429   6.00122   0.12330   0.10770   0.00487  -0.02630   0.00020
   1.94892   5.00762   8.02673   1.94220   5.00981   8.00983   0.26300   0.11160   0.00438  -0.06250   0.00010
   1.88035   0.92846   5.94928   1.88554   0.92316   5.98231   0.18860   0.11280   0.00761  -0.02460   0.00010
   8.96376   8.00032   9.43214   9.00000   8.00000   9.00000   1.37860   0.05340   0.01447  -0.39470   0.01350
   0.00000   4.91906   7.93839   0.00000   4.90996   7.97524   0.00000   0.11090   0.00428  -0.00000   0.00030
   4.03226   0.93409  19.82480   4.02832   0.93895  19.82462   0.40310   0.11160   0.01100  -0.03360   0.00160
   0.00000   4.98528   7.83211   0.00000   4.98481   7.83754   0.00000   0.11050   0.00425  -0.00000   0.00030
   2.98088   2.92253  17.98830   2.98203   2.91727  17.86085   0.34530   0.11440   0.00685  -0.05920   0.00030
   0.00000   4.78598  12.35293   0.00000   4.75916  12.44999   0.00000   0.11450   0.00521  -0.00000   0.00010
   2.25565   1.54777  16.72181   2.26986   1.57626  16.96092   0.24420   0.11280   0.00652  -0.03040   0.00070
   0.93432   0.90842   9.27411   0.93583   0.90145   9.26482   0.09530   0.11080   0.00503  -0.01150   0.00050
   1.02358   4.95306   8.92398   1.02814   4.93470   8.92361   0.13870   0.11230   0.00453  -0.03260   0.00010
   0.02625   4.15991   1.87885   0.02302   4.22617   1.88465   0.00260   0.10780   0.00719  -0.00060  -0.00090
   6.05851   3.89792   8.47672   6.05958   3.90603   8.54937   0.72520   0.11400   0.00617  -0.15680  -0.00030
   3.09483   5.97994  13.78523   3.10297   5.97761  13.76471   0.47130   0.10970   0.00529  -0.11570   0.00120
   1.90673   4.28220   5.98579   1.90404   4.29537   5.93531   0.23610   0.10910   0.00488  -0.05360  -0.00020
   2.94166   3.05916  14.82614   2.94900   3.06712  14.79581   0.34680   0.11330   0.00662  -0.06360   0.00020
   2.24505   1.54137  17.38495   2.26689   1.50625  16.95329   0.24280   0.11330   0.00657  -0.02950   0.00060
   0.00000   5.49262   7.03934   0.00000   5.47786   7.05435  -0.00000   0.10910   0.00415   0.00000   0.00040
   8.96510   5.09608   6.27197   8.99957   5.08968   6.12211   1.16520   0.10950   0.00526  -0.28310  -0.00010
   4.91294   5.95426  18.38689   4.91038   5.94711  18.33095   0.70210   0.09120   0.00627  -0.16900   0.00510
   6.01098   8.78669   4.35687   5.99874   8.80653   4.43277   0.90080   0.12590   0.01818  -0.27490  -0.00360
   8.73164   9.26735  15.76150   8.69951   9.26584  15.82942   0.78340   0.13280   0.02506  -0.26550  -0.00390
   1.00703   3.09050  17.89476   1.01876   3.08585  17.89906   0.11970   0.11540   0.00627  -0.02120   0.00020
   0.00008   4.22472   1.96509   0.00000   3.00000   2.00000  -0.00000   0.10810   0.00720   0.00000  -0.00080
   6.01248   6.02488   7.84338   6.01549   6.02665   7.83298   0.89790   0.11150   0.00419  -0.22850   0.00020
   2.99156   3.98988   1.99848   2.98561   3.98958   2.10371   0.33830   0.10800   0.00747  -0.07740  -0.00080
   0.99118   4.09805  13.26097   0.99372   4.09085  13.32988   0.12690   0.11500   0.00546  -0.02690   0.00000
   1.07896   6.73951   5.57146   1.07019   6.76985   5.69624   0.17410   0.10710   0.00477  -0.04620   0.00010
   2.86912   3.01437  14.98065   2.88823   2.98550  14.84712   0.33770   0.11330   0.00657  -0.06110   0.00020
   0.00000   4.88349   6.10866   0.00000   4.89847   6.06193   0.00000   0.10690   0.00464  -0.00000   0.00060
   6.95562   1.95760  19.72314   6.95363   1.96978  19.79000   0.71680   0.10060   0.01041  -0.09280   0.00360
   0.00000   4.97802   7.84060   0.00000   4.99380   7.95073   0.00000   0.11060   0.00424  -0.00000   0.00030
   8.96946   9.04688  15.02860   9.09197   9.09730  15.65847   0.88040   0.12660   0.02852  -0.28840  -0.00260
   2.14738   5.81055   4.68494   2.13844   5.78566   4.71503   0.30080   0.10410   0.00523  -0.07670   0.00030
   0.91673   3.80080   2.01118   0.91946   3.79407   2.04279   0.10270   0.10820   0.00723  -0.02300  -0.00090
   0.00281   4.78326   6.02175   0.00000   4.79218   6.03335  -0.00000   0.10640   0.00464  -0.00000   0.00070
   3.00722   5.03678   2.05054   3.00264   5.03553   2.07857   0.37180   0.10770   0.00751  -0.09270  -0.00080
   0.98526   6.99177   5.21837   0.99183   6.99927   5.23019   0.16560   0.10530   0.00511  -0.04470   0.00060
   5.00317   7.99575  13.91806   5.00300   8.00033  13.92959   0.81530   0.07980   0.00800  -0.22580   0.00740
   8.81837   8.98687  18.77624   8.83592   9.00343  19.00641   0.84290   0.13410   0.02624  -0.27360  -0.00440
   1.95963   5.96865   4.74964   1.96069   5.95745   4.76988   0.28190   0.10550   0.00519  -0.07250   0.00010
   1.01680   2.87015  10.76517   1.01413   2.86954  10.70162   0.11580   0.11360   0.00501  -0.02180   0.00020
   4.95548   7.94483   6.03955   4.96138   7.95092   6.11204   0.84330   0.08530   0.00760  -0.23900   0.00540
   0.00000   4.97802   7.84060   0.00000   5.02489   7.87520  -0.00000   0.11060   0.00424  -0.00000   0.00030
   1.04748   1.05693  15.09189   1.04956   1.05673  15.16765   0.10990   0.11530   0.00586  -0.01170   0.00010
   5.03926   5.94474   1.90014   5.03776   5.94567   1.88990   0.67700   0.10610   0.00822  -0.17930  -0.00080
   1.05096   6.86464  13.03480   1.04638   6.86279  13.03459   0.17700   0.11390   0.00533  -0.04560   0.00030
   4.92374   9.07251   5.77386   4.92247   9.10688   5.84970   0.82320   0.13400   0.01509  -0.24770  -0.00510
   7.93114   8.17248  19.58893   7.94793   8.18771  19.76286   0.96170   0.10600   0.02216  -0.28180   0.00130
   4.03201   3.85396  11.15020   4.02873   3.85257  11.18003   0.49310   0.11580   0.00605  -0.10380  -0.00030
   0.00008   4.22472   1.96509   0.00000   4.23153   1.99113  -0.00000   0.10810   0.00720   0.00000  -0.00080
   0.99403   7.07700  20.10550   0.98287   7.06137  20.09415   0.16030   0.11380   0.00661  -0.04070   0.00050
   2.33190   9.06135   8.22377   2.36555   9.09703   8.42899   0.56710   0.14280   0.00591  -0.15910  -0.00730
   4.94210   7.02432   5.40603   4.93614   7.03531   5.38400   0.81200   0.06530   0.00513  -0.21970   0.00920
   2.06676   6.90868  17.18422   2.06757   6.92249  17.21401   0.33960   0.11260   0.00615  -0.08660   0.00080
   0.00008   4.22472   1.96509   0.00000   4.00000   2.00000  -0.00000   0.10810   0.00720   0.00000  -0.00080
   5.71021   7.99660  12.43281   5.71070   8.00017  12.45501   1.06350  -0.07710   0.00529  -0.28940   0.04270
   1.92337   8.03396   5.03603   1.93976   8.01428   5.05114   0.38480   0.10650   0.00580  -0.10770   0.00060
   3.97600   7.07364  10.64583   3.97822   7.09607  10.66549   0.71360   0.06970   0.00390  -0.18690   0.00990
   0.00000   5.35596   6.97834   0.00000   5.42959   6.93390  -0.00010   0.10890   0.00423   0.00000   0.00040
   3.88990   1.96824   5.31294   3.89215   1.95037   5.21972   0.39950   0.11400   0.00767  -0.06860  -0.00010
   5.02481   9.11768   5.39466   5.03011   9.13781   5.50937   0.83310   0.13020   0.01577  -0.25170  -0.00410
   0.95911   6.91607  19.93986   0.96430   6.90438  19.88943   0.15460   0.11410   0.00658  -0.03900   0.00050
   7.98999   5.92587   2.91158   8.03478   5.96863   4.06626   1.04360   0.09510   0.01011  -0.27470   0.00250
   2.00036   5.04767   2.07064   2.00936   5.04209   2.14710   0.24980   0.10830   0.00736  -0.06230  -0.00080
   3.06497   2.03755  17.59517   3.07758   2.07891  17.91905   0.33690   0.11260   0.00700  -0.04770   0.00070
   1.97718   4.02764  14.20842   1.97932   4.01764  14.24021   0.25150   0.11460   0.00583  -0.05250   0.00010
   6.18558   9.07291   8.07794   6.00000   9.00000   7.00000   0.88570   0.12080   0.02091  -0.26970  -0.00240
   0.00000   5.34482   6.98936   0.00000   9.00000   7.00000   0.00010   0.10890   0.00422  -0.00000   0.00040
   0.01535   4.21197   1.94647   0.01893   4.23965   1.94436   0.00220   0.10800   0.00720  -0.00050  -0.00080
   1.94167   7.27072  14.00733   1.93121   7.29810  14.12026   0.34330   0.11170   0.00558  -0.08970   0.00070
   4.65679   2.80566  20.15549   4.66023   2.80714  20.07288   0.52700   0.10810   0.00832  -0.08470   0.00130
   8.11099   2.99747  16.89372   8.11321   3.01644  17.07814   0.90030   0.10570   0.00910  -0.15780   0.00210
   6.97449   1.99447   8.67305   6.96371   1.98610   8.63239   0.72420   0.11550   0.00918  -0.11940   0.00000
   0.99543   6.85091   5.50579   0.99012   6.80153   5.36062   0.16090   0.10740   0.00489  -0.04300   0.00010
   6.29591  10.30186   8.32189   6.29213  10.32920   8.33085  -0.20750   0.11360   0.00585  -0.04810   0.00040
   4.05547   3.99050  17.79091   4.04948   3.98751  17.85004   0.50800   0.11560   0.00685  -0.10220   0.00010
   4.93443   8.98501   9.51186   4.90921   8.98936   9.50080   0.81410   0.11300   0.01411  -0.24030   0.00010
   3.01986   6.89899  16.05898   3.03624   6.89104  16.06266   0.49680   0.10690   0.00599  -0.12710   0.00180
   8.01143   3.98659   3.98396   8.01310   3.99155   3.93881   0.92000   0.11060   0.00674  -0.20730  -0.00050
   9.15970   8.95357  15.37021   9.14753   9.01100  15.34351   0.92350   0.12110   0.02982  -0.29760  -0.00160
   1.90643   0.83647   6.30009   1.91292   0.81611   6.24470   0.19080   0.11310   0.00796  -0.02390   0.00010
   0.00000   4.91906   7.93839   0.00000   4.98559   7.92343   0.00000   0.11090   0.00428  -0.00000   0.00030
   2.00941   0.88024   5.93018   2.01562   0.89311   6.02263   0.20100   0.11310   0.00800  -0.02600   0.00010
   6.06781   9.03155   5.33867   6.07398   9.04516   5.47352   0.88690   0.13260   0.02102  -0.27300  -0.00490
   0.95474   3.17580   8.07460   0.97337   3.18570   8.11161   0.11230   0.11120   0.00445  -0.02260   0.00030
   5.90875   4.01997  19.83565   5.89895   4.02750  19.88559   0.71280   0.10350   0.00759  -0.14100   0.00250
   7.01577   7.98938  19.87244   7.01746   8.00018  19.90735   0.89680   0.10150   0.01690  -0.25660   0.00230
   4.96535   9.03950  19.18281   4.95911   9.05101  19.18450   0.69940   0.13260   0.01273  -0.20600  -0.00370
   4.04178   1.91942  12.19930   4.05482   1.91703  12.20006   0.43590   0.11610   0.00808  -0.06660   0.00000
   2.04431   5.92676   4.70394   2.04093   5.92072   4.71202   0.29150   0.10500   0.00525  -0.07490   0.00010
   2.69061   8.02426   1.99809   2.71849   8.02470   1.95004   0.51160   0.10720   0.00789  -0.14690  -0.00080
   2.96444   5.03262  10.74078   2.97224   5.02664  10.69027   0.40670   0.11390   0.00497  -0.09530   0.00000
   2.98878   5.71554  15.89924   2.98843   5.71639  15.92762   0.43940   0.11180   0.00579  -0.10500   0.00080
   0.00000   4.88003   6.10282   0.00000   4.77091   5.97790  -0.00000   0.10710   0.00466  -0.00000   0.00050
   4.14513   4.84999   7.54825   4.12663   4.86153   7.57726   0.54380   0.11290   0.00468  -0.12840  -0.00020
   0.00000   5.50353   7.03281   0.00000   5.39230   6.99281  -0.00000   0.10900   0.00413   0.00000   0.00040
   3.03998   6.89373  13.80637   3.02878   6.90232  13.88483   0.50730   0.10690   0.00549  -0.13070   0.00170
   4.65405   2.79697  20.12315   4.64736   2.80814  20.08677   0.52570   0.10790   0.00832  -0.08450   0.00140
   8.96075   4.99099  13.80669   8.97206   4.99466  13.87574   1.16220   0.09980   0.00650  -0.26750   0.00270
   2.99447   1.98425  17.05096   2.99636   1.99167  17.07058   0.32730   0.11280   0.00690  -0.04620   0.00060
   2.97926   1.96834   6.96224   2.98692   1.96984   6.91370   0.31370   0.11380   0.00691  -0.05260  -0.00020
   4.22715   8.20834   9.45107   4.21195   8.23967   9.51119   0.79160   0.06440   0.00585  -0.22030   0.01090
   8.14255   8.01714   6.09378   8.09514   8.04530   6.07011   1.26950  -0.12230   0.01185  -0.36660   0.05280
   3.05842   6.83936   9.63196   3.06251   6.83715   9.59537   0.52680   0.09300   0.00390  -0.13710   0.00440
   7.99932   6.05865  11.11305   8.01521   6.05798  11.02925   1.19180   0.11230   0.00499  -0.29970   0.00000
   7.96624   2.96652  14.11168   7.95428   2.98866  14.30205   0.89190   0.11290   0.00865  -0.16190   0.00050
   1.01351   3.06448   4.17303   1.03067   2.99232   4.11535   0.11360   0.10900   0.00632  -0.02250  -0.00080
   1.00852   5.21456  12.00193   1.00448   5.19446  12.01362   0.14140   0.11440   0.00513  -0.03330   0.00010
   5.92242   8.99433  19.88888   5.92275   9.00335  20.01704   0.74580   0.13220   0.01565  -0.22440  -0.00370
   1.04364   7.03575   5.94103   1.04739   7.06281   5.96587   0.17860   0.10700   0.00470  -0.04800   0.00040
   1.03834   4.99393   1.81732   1.03734   4.96933   1.81815   0.12780   0.10750   0.00721  -0.03180  -0.00090
   8.02213   3.95573   3.89147   8.02100   3.96604   3.90802   0.91860   0.11070   0.00680  -0.20660  -0.00050
   0.99461   3.04503   7.87396   1.00323   3.04677   7.95406   0.11430   0.11100   0.00441  -0.02270   0.00040
   3.04869   7.36322   5.15315   3.03066   7.38822   5.09996   0.52820   0.09820   0.00569  -0.14510   0.00210
   0.00000   5.46448   6.98115   0.00000   5.39434   6.98485  -0.00010   0.10880   0.00415   0.00000   0.00040
   0.00000   5.45892   6.97027   0.00000   5.50568   6.98585   0.00000   0.10870   0.00418  -0.00000   0.00040
   1.98766   1.97857  19.09131   1.98466   1.97047  19.08649   0.21690   0.11380   0.00666  -0.02890   0.00060
   4.99424   6.01622   1.75858   4.97650   6.03250   1.97481   0.67580   0.08730   0.00824  -0.17980   0.00590
   0.00000   5.52058   7.03938   0.00000   5.50457   7.04151   0.00010   0.10900   0.00410  -0.00000   0.00040
   0.00000   4.79907   5.96868   0.00000   4.90708   5.87543  -0.00000   0.10640   0.00472  -0.00000   0.00060
   3.07352   9.03797   6.42839   3.04844   9.06264   6.32220   0.67520   0.13530   0.00793  -0.19380  -0.00550
   1.06988   3.07121   1.72840   1.05548   3.11377   1.90336   0.11260   0.10780   0.00721  -0.02340  -0.00090
   5.85595   2.05182  18.10394   5.86189   2.07859  18.36185   0.62940   0.11190   0.00949  -0.08780   0.00110
   1.01416   6.00941   6.98609   1.01867   5.97692   7.00527   0.15200   0.10810   0.00416  -0.03860   0.00050
   0.00000   4.91976   5.12887   0.00000   5.56964   5.07398   0.00000   0.10830   0.00502  -0.00000  -0.00020
   1.95677   0.80078   6.50278   1.97201   0.80066   6.32829   0.19650   0.11320   0.00811  -0.02450   0.00020
   5.83043   2.00865   6.54221   5.81276   2.00979   6.40573   0.59920   0.11460   0.00870  -0.10250   0.00000
   2.93312   9.09129  15.65617   2.93495   9.10135  15.67890   0.57450   0.13080   0.00767  -0.16110  -0.00340
   2.22382   8.98813   6.67125   2.24359   8.97073   6.70296   0.56310   0.11550   0.00632  -0.15790  -0.00090
   0.00583   4.18910   1.91735   0.00000   4.13647   1.95909  -0.00000   0.10780   0.00720   0.00000  -0.00080
   8.16896   8.98996  17.47335   7.98111   9.07417  16.49394   0.84570   0.13300   0.02453  -0.26950  -0.00410
   1.99634   3.94484   5.77762   2.00411   3.93836   5.74643   0.24060   0.11050   0.00513  -0.05300  -0.00040
   5.99324   4.92091   6.69579   5.98892   4.93625   6.75431   0.78320   0.11150   0.00481  -0.18710  -0.00020
   0.00000   4.78919  12.13319   0.00000   4.83520  12.10251   0.00000   0.11460   0.00517  -0.00000   0.00010
   6.16384   6.95737  19.48432   6.15949   6.96429  19.48109   0.84830   0.08190   0.00870  -0.22150   0.00630
   3.71971   9.07878   5.86428   3.71756   9.08888   6.07909   0.74020   0.13680   0.01005  -0.21640  -0.00570
   3.96915   2.01995  16.00188   3.97575   2.02980  16.02603   0.43720   0.10940   0.00834  -0.06360   0.00090
   4.98896   6.00348  10.02239   4.98668   6.01811  10.05373   0.75760   0.11310   0.00435  -0.19010   0.00020
   0.97949   5.37226   7.05066   0.99750   5.29603   6.94987   0.13880   0.10790   0.00416  -0.03380   0.00050
   8.97362   3.97951   5.05021   8.99704   3.98556   4.95214   1.03830   0.10920   0.00676  -0.23220   0.00000
   0.00000   4.90304   5.06374   0.00000   4.89477   4.98207   0.00000   0.10830   0.00513  -0.00000  -0.00020
   1.00385   2.69066   5.24044   1.00714   2.68114   5.20844   0.11070   0.10910   0.00543  -0.02100  -0.00040
   5.04453   6.93075   5.44470   5.03165   6.96144   5.44951   0.80570   0.05350   0.00063  -0.21540   0.01250
   3.06533   9.04833   6.39116   3.06717   9.05844   6.38239   0.67670   0.13480   0.00799  -0.19430  -0.00530
   3.98752   2.97383  14.85496   3.97533   2.96467  14.75473   0.46220   0.11350   0.00725  -0.08330   0.00010
   0.00008   4.22472   1.96509   0.00000   1.00000   2.00000  -0.00000   0.10810   0.00720   0.00000  -0.00080
   4.89866   9.03359  19.09355   4.89549   9.04867  19.11144   0.69750   0.13250   0.01254  -0.20500  -0.00370
   5.05967   3.06978   3.94941   5.06806   3.04046   3.95620   0.54760   0.11240   0.00689  -0.11170  -0.00040
   7.11648   5.83991   3.00026   7.12386   5.83948   3.00031   0.92850   0.10380   0.00953  -0.24340   0.00040
   0.00000   4.74199  12.84579   0.00000   4.69751  12.82022  -0.00000   0.11450   0.00528   0.00000   0.00010
   7.01320   3.96829  12.80490   6.98636   4.02074  13.26748   0.85400   0.11450   0.00700  -0.17980  -0.00010
   5.04744   5.90629  17.13510   5.04513   5.91782  17.15382   0.74190   0.08960   0.00584  -0.17880   0.00550
   6.93672   6.02736   8.96348   6.93710   6.04800   9.06072   1.03680   0.11420   0.00449  -0.26270  -0.00050
   0.00000   5.50830   7.03796   0.00000   5.54305   7.07712   0.00010   0.10900   0.00412  -0.00000   0.00040
   4.08164   3.85544  12.46492   4.10062   3.86633  12.40062   0.50540   0.11570   0.00621  -0.10540  -0.00030
   2.96101   9.02077  12.48787   2.94767   9.02816  12.49359   0.60390   0.12910   0.00719  -0.17000  -0.00330
   3.97316   1.98159  19.12860   3.98737   1.99898  19.14492   0.43060   0.10990   0.00778  -0.05770   0.00130
   8.32668   8.03733  10.17131   8.34234   8.05060  10.20355   1.29920   0.06530   0.01369  -0.37000   0.01080
   8.40972   8.01095  10.61472   8.40548   8.03184  10.67015   1.33210   0.03680   0.01246  -0.37700   0.01730
   5.81417   7.95939  14.83797   5.81517   7.97115  14.91191   0.89390   0.06910   0.00994  -0.24920   0.00950
   6.01910   8.03162  15.97623   6.01686   8.02230  16.00649   0.88020   0.08790   0.01180  -0.24790   0.00540
   7.77787   4.03654   6.04473   7.89676   4.01890   5.54151   0.92560   0.11340   0.00621  -0.20680  -0.00050
   0.00008   4.22472   1.96509   0.00000   4.11532   1.99019  -0.00000   0.10810   0.00720   0.00000  -0.00080
   0.86889   6.91207   5.13614   0.88350   6.89786   5.10393   0.14510   0.10810   0.00509  -0.03900  -0.00020
   5.80039   6.15057  11.23412   5.80265   6.15720  11.23884   0.89630   0.11240   0.00452  -0.22540   0.00030
   0.00000   4.65248  13.91251   0.00000   4.62835  13.84094   0.00000   0.11500   0.00550  -0.00000   0.00010
   3.98117   5.03066   6.96620   4.00000   5.00000   7.00000   0.53290   0.11100   0.00452  -0.12750   0.00000
   0.00000   5.50353   7.03281   0.00000   5.45962   7.05881   0.00000   0.10900   0.00413  -0.00000   0.00040
   7.07783   7.07491   7.24393   7.10798   7.07081   7.16293   1.20060  -0.03000   0.00417  -0.32250   0.03280
   6.04955   8.91124   4.61100   6.02829   8.91810   4.67667   0.89640   0.13020   0.01921  -0.27500  -0.00430
   4.02741   5.97546  11.19919   3.99893   5.97948  11.28908   0.61030   0.10730   0.00453  -0.15160   0.00160
   2.98237   3.99746   7.92355   2.99920   4.00690   8.15438   0.36780   0.11270   0.00515  -0.08040  -0.00040
   0.98977   5.21816   9.28596   0.99167   5.23087   9.25936   0.13840   0.11220   0.00457  -0.03310   0.00020
   2.99915   5.86832  10.07438   3.00131   5.87452  10.01970   0.45150   0.10830   0.00441  -0.11210   0.00120
   3.80826   5.07178   4.22887   3.80167   5.05265   4.11450   0.49070   0.09650   0.00537  -0.11980   0.00140
   2.02398   9.04050   8.03594   1.99815   9.04043   8.05614   0.51890   0.11690   0.00565  -0.14400  -0.00110
   7.90549   6.06305  15.93867   7.91899   6.08673  15.95539   1.15290   0.10100   0.00565  -0.28380   0.00260
   8.96402   5.86831   1.93547   8.94494   5.88929   2.14640   1.12770   0.09790   0.01083  -0.29890   0.00080
   2.95364   4.88945   4.05633   2.94582   4.88703   4.07599   0.37370   0.10220   0.00577  -0.09010   0.00030
   1.90308   6.12893   4.74403   1.90954   6.12469   4.79991   0.27950   0.10550   0.00529  -0.07260   0.00010
   0.00000   5.45450   7.00949   0.00000   5.45750   7.02495   0.00010   0.10890   0.00416  -0.00000   0.00040
   1.01119   6.86583  12.88261   1.01067   6.85561  12.92697   0.17040   0.11400   0.00530  -0.04390   0.00020
   0.00000   4.78598  12.35293   0.00000   4.70273  12.36942   0.00000   0.11450   0.00521  -0.00000   0.00010
   5.95624   5.92171  18.94516   5.95852   5.94320  18.95032   0.82860   0.08690   0.00636  -0.19930   0.00570
   8.39078   8.74693  14.55065   8.63379   8.74622  16.50420   0.96790   0.11640   0.02829  -0.29910  -0.00070
   1.01380   4.83662   2.05049   1.01896   4.78971   2.04913   0.12350   0.10820   0.00725  -0.03030  -0.00080
   2.96759   0.96918  11.72335   2.96972   0.98914  11.83181   0.30570   0.11580   0.00871  -0.03560   0.00020
   0.00000   4.88760   6.12198   0.00000   4.80393   6.05300   0.00000   0.10690   0.00463  -0.00000   0.00060
   6.91721   0.96527  17.06272   6.89625   1.12559  18.30899   0.68920   0.10540   0.01210  -0.06990   0.00280
   7.01715   4.94929  11.97263   7.02263   4.96940  12.02024   0.93650   0.11340   0.00574  -0.21730  -0.00010
   2.94246   8.97113   9.25605   2.94176   8.97682   9.29283   0.62710   0.12990   0.00667  -0.17750  -0.00390
   8.00197   4.96563   4.03056   7.98367   4.97665   4.06408   1.00750   0.10780   0.00550  -0.24570   0.00000
   5.96995   4.91641   6.60253   5.96067   4.94511   6.75009   0.77980   0.11130   0.00481  -0.18640  -0.00010
   2.05159   2.96844   7.68656   2.04965   2.96820   7.71106   0.23350   0.10880   0.00546  -0.04540   0.00020
   6.02960   2.03897  18.91315   6.00428   2.05494  18.91122   0.63930   0.11130   0.00970  -0.08730   0.00130
   5.02050   7.97593  16.74933   5.01364   7.98411  16.75964   0.75750   0.10100   0.00937  -0.21060   0.00280
   0.00000   5.39157   7.00646   0.00000   5.54808   7.08173  -0.00000   0.10900   0.00420   0.00000   0.00040
   1.03753   8.04253   5.30054   1.02183   8.03353   5.37381   0.20780   0.10750   0.00510  -0.05790   0.00020
   0.94772   6.91653   6.79638   0.97873   6.84748   6.93614   0.16320   0.10550   0.00427  -0.04330   0.00120
   1.07437   2.79006   5.07010   1.08258   2.79017   5.03487   0.11960   0.10930   0.00551  -0.02300  -0.00050
   4.95716   8.02693  19.79722   4.95959   8.03789  19.83579   0.70240   0.11040   0.01043  -0.19650   0.00090
   1.05922   5.79891   8.96698   1.05251   5.77258   8.96482   0.15550   0.11160   0.00443  -0.03860   0.00030
   1.02683   2.82182   5.04116   1.02681   2.80734   5.07892   0.11340   0.10930   0.00554  -0.02190  -0.00050
   1.03570   1.07293  15.17700   1.04025   1.07019  15.18171   0.10860   0.11530   0.00587  -0.01160   0.00010
   6.85418   6.04217   2.05126   6.85589   6.05193   2.06796   0.91240   0.10400   0.00929  -0.24340  -0.00040
   2.13941   8.31872   6.15969   2.17255   8.24843   6.11448   0.45890   0.10430   0.00536  -0.12800   0.00140
   6.91731   2.00329   8.51399   6.91521   2.00137   8.44993   0.71950   0.11490   0.00908  -0.11930   0.00010
   6.05414   6.12224   5.28695   6.05015   6.14462   5.39302   0.89750   0.07510   0.00412  -0.23280   0.00730
   0.00000   4.88760   6.12198   0.00000   4.69119   6.12775  -0.00000   0.10690   0.00463  -0.00000   0.00060
   4.98445   1.02011  16.96235   4.97649   1.02137  16.92261   0.50600   0.11390   0.01056  -0.05130   0.00120
   3.02971   1.02800  11.11568   3.01631   1.03072  11.04993   0.31030   0.11540   0.00849  -0.03760   0.00020
   0.00000   4.83554   6.03606   0.00000   4.99183   5.98055   0.00000   0.10670   0.00466  -0.00000   0.00060
   0.99402   8.91809   4.16327   1.00000   9.00000   4.00000   0.26520   0.11510   0.00678  -0.07540  -0.00150
   0.00000   5.47468   6.99083   0.00000   5.39003   6.95486  -0.00000   0.10880   0.00413  -0.00000   0.00040
   0.00000   4.81485   6.01688   0.00000   4.80382   6.01067   0.00000   0.10660   0.00471  -0.00000   0.00060
   1.00999   3.32590   1.94947   1.00000   3.00000   2.00000   0.10400   0.10600   0.00118  -0.02110  -0.00070
   8.81913   8.97953  18.79238   8.81561   9.00684  18.86532   0.84380   0.13380   0.02627  -0.27380  -0.00430
   8.99812   5.01008   8.57682   9.00548   5.02242   8.60309   1.17460   0.11150   0.00556  -0.27990  -0.00020
   1.01962   2.14201   6.65611   1.02534   2.16107   6.68706   0.11150   0.10590   0.00472  -0.01940   0.00080
   0.98902   3.03517   6.05580   1.00204   2.99451   5.95643   0.11340   0.10770   0.00488  -0.02250   0.00020
   1.96047   4.98008   8.03353   1.94921   4.97797   7.98449   0.26260   0.11190   0.00438  -0.06230   0.00010
   2.92330   8.09057   3.96605   2.93564   8.07116   3.94481   0.56570   0.11280   0.00768  -0.16030  -0.00080
   3.95726   6.02164  15.00466   3.97111   6.03529  15.05045   0.60390   0.10430   0.00544  -0.14790   0.00230
   0.00000   5.49434   7.03051   0.00000   5.70047   7.06348  -0.00000   0.10900   0.00414   0.00000   0.00040
   1.82639   0.79059  19.28839   1.79316   0.85561  20.16370   0.18570   0.10930   0.00775  -0.01410   0.00140
   5.04568   7.92219  16.84601   5.05864   7.91897  16.91578   0.75950   0.10040   0.00928  -0.21050   0.00290
   9.02700   8.78177  15.80221   9.06448   8.86453  16.16898   0.95730   0.11870   0.02982  -0.30200  -0.00120
   6.96608   3.02118   4.92591   6.96299   3.01009   4.92533   0.75190   0.11340   0.00753  -0.15160  -0.00040
   5.91958   8.95321  12.77859   5.90827   8.95760  12.79316   0.85110   0.12000   0.01794  -0.25450  -0.00130
   5.90064   1.95991   6.35719   5.88452   1.98505   6.56690   0.60650   0.11440   0.00881  -0.10300   0.00000
   0.01109   4.22501   1.97961   0.01636   4.29407   1.99964   0.00180   0.10820   0.00720  -0.00040  -0.00080
   5.08558   0.93042  10.72809   5.09047   0.97185  10.82480   0.51560   0.11600   0.00974  -0.06250   0.00070
   5.00872   4.00966   8.56017   4.98534   4.03379   8.76614   0.60820   0.11440   0.00577  -0.13290  -0.00040
   1.00994   2.83076   5.02723   1.00959   2.81068   5.04211   0.11180   0.10910   0.00555  -0.02160  -0.00050
   1.99710   3.08072  12.85787   1.99106   3.08390  12.95209   0.23260   0.11440   0.00568  -0.04390   0.00010
   2.13855   1.00650   5.40267   2.13355   1.00190   5.23581   0.21170   0.11290   0.00789  -0.02880   0.00000
   5.97371   8.05715  16.55038   5.97389   8.06401  16.58704   0.85960   0.09510   0.01232  -0.24310   0.00390
   8.87776   3.86348  16.42305   8.88838   3.86464  16.48042   1.02280   0.10510   0.00835  -0.20480   0.00160
   7.71185   8.98398  15.22040   7.72603   9.00968  15.30062   0.88410   0.12450   0.02459  -0.27620  -0.00230
   2.40429   3.70467   4.19370   2.40326   3.67193   4.01116   0.27490   0.11050   0.00606  -0.05970  -0.00020
   0.00000   5.44874   6.98207   0.00000   5.50881   6.97505  -0.00000   0.10880   0.00417   0.00000   0.00040
   2.98953   5.87598  10.14123   2.98749   5.88053  10.10988   0.44970   0.10810   0.00442  -0.11160   0.00120
   0.00000   5.49262   7.03934   0.00000   5.76039   7.12255   0.00000   0.10910   0.00415  -0.00000   0.00040
   1.89334   1.81034   3.08737   1.89258   1.81366   3.13075   0.18970   0.11060   0.00762  -0.03220  -0.00040
   3.10424   3.83921   7.73001   3.10250   3.85755   7.69975   0.37450   0.11260   0.00532  -0.08090  -0.00050
   0.00000   4.97455   5.10779   0.00000   4.73919   4.99891   0.00000   0.10850   0.00511  -0.00000  -0.00020
   2.38734   8.63994   2.02094   2.40858   8.59265   2.01708   0.52180   0.10800   0.00804  -0.15110  -0.00080
   3.00254   6.98805  16.92527   3.00000   7.00000  17.00000   0.48890   0.10680   0.00619  -0.12550   0.00190
   3.13290   6.81586   3.91967   3.12187   6.78685   3.92032   0.47900   0.11190   0.00765  -0.13050  -0.00080
   1.07433   4.73623   1.92094   1.08189   4.71700   1.94217   0.13020   0.10780   0.00723  -0.03170  -0.00080
   5.92394   3.84996  16.47130   5.91693   3.86410  16.62630   0.72090   0.11530   0.00733  -0.14450   0.00000
   2.94853   1.97699  15.81664   2.96865   1.96381  15.75871   0.32430   0.11220   0.00684  -0.04680   0.00060
   8.44529   8.01474   5.94613   8.43661   8.03871   5.97638   1.30910  -0.13970   0.01248  -0.37880   0.05690
   0.00000   5.32644   6.98837   0.00000   5.52546   7.00843  -0.00000   0.10900   0.00424  -0.00000   0.00040
   0.00000   5.41793   6.96518   0.00000   5.47412   6.95280  -0.00000   0.10870   0.00423  -0.00000   0.00040
   3.01730   4.94490   4.06666   3.01755   4.95131   3.94439   0.38410   0.10190   0.00577  -0.09310   0.00040
   5.92502   6.05053  10.62626   5.92672   6.07038  10.66589   0.90200   0.11370   0.00451  -0.22650   0.00000
   2.08684   4.95113   4.02817   2.10425   4.94738   4.12013   0.26750   0.10610   0.00609  -0.06480  -0.00030
   1.90029   6.23649   4.87799   1.91268   6.21798   4.79037   0.28400   0.10520   0.00512  -0.07410   0.00020
   0.00000   4.12602  10.79382   0.00000   4.02573  10.79468   0.00000   0.11370   0.00490  -0.00000   0.00010
   0.00000   5.41793   6.96518   0.00000   5.53502   7.04834   0.00000   0.10870   0.00423  -0.00000   0.00040
   5.96979   8.02775  16.78155   5.96163   8.04795  16.80940   0.85630   0.09490   0.01224  -0.24180   0.00400
   3.03274   1.98071  17.49388   3.03626   1.96639  17.28503   0.33070   0.11260   0.00695  -0.04610   0.00070
   2.98864   4.94757   4.06073   2.97791   4.95812   4.18227   0.38080   0.10170   0.00572  -0.09220   0.00040
   0.00000   5.42551   6.88110   0.00000   5.26881   6.88471   0.00020   0.10830   0.00428  -0.00000   0.00040
   4.05445   5.01114   3.95460   4.04807   5.01975   4.03084   0.51780   0.09740   0.00572  -0.12640   0.00140
   4.90514   7.02592   5.44170   4.91144   7.02787   5.41714   0.80670   0.06690   0.00517  -0.21820   0.00890
   5.01105   8.94775  12.77406   5.00890   8.94842  12.83352   0.79180   0.12310   0.01367  -0.23250  -0.00190
   5.00802   1.95861   7.04505   5.00448   1.95987   6.98782   0.51860   0.11530   0.00818  -0.08730   0.00000
   7.00413   7.97530  19.90974   7.01012   7.98154  19.96663   0.89550   0.10090   0.01677  -0.25600   0.00250
   0.04255   4.11597   1.85787   0.02967   4.09986   1.81910   0.00320   0.10780   0.00717  -0.00070  -0.00100
   1.00068   8.05000  13.56596   0.99902   8.04019  13.62304   0.20450   0.11420   0.00548  -0.05460   0.00020
   0.97396   7.02319  20.08180   0.96592   7.01804  20.12702   0.15660   0.11410   0.00661  -0.03970   0.00050
   2.96409   8.94208   8.80212   2.96303   8.95743   8.83149   0.63280   0.13140   0.00661  -0.17930  -0.00450
   6.08488   3.89880   9.52193   6.12215   3.88164   9.46174   0.73470   0.11470   0.00634  -0.15740  -0.00030
   5.99014   3.01284  13.20530   5.99174   3.00882  13.17188   0.68370   0.11560   0.00776  -0.12650  -0.00010
   4.05370   0.93692  19.82937   4.05826   0.94234  19.82371   0.40580   0.11150   0.01101  -0.03390   0.00160
   2.84828   4.43202   4.16807   2.84292   4.44885   4.06167   0.34670   0.10880   0.00573  -0.08070  -0.00050
   6.97815   8.01336  13.95452   6.98388   8.01782  14.02485   1.16300  -0.07230   0.00921  -0.32120   0.04090
   8.02256   3.03622   5.06710   7.99376   3.08510   5.32613   0.86580   0.11410   0.00792  -0.17540  -0.00060
   8.12239   3.00404  16.90921   8.14030   3.01610  17.01376   0.90300   0.10550   0.00911  -0.15840   0.00210
   2.02971   6.91963  17.02961   2.03213   6.91330  17.03500   0.33450   0.11270   0.00612  -0.08530   0.00070
   4.02839   4.95061   8.11584   4.04385   4.93070   7.93570   0.53770   0.11380   0.00466  -0.12740  -0.00030
   0.00000   5.44796   6.93053   0.00000   5.44206   6.96251   0.00010   0.10850   0.00425  -0.00000   0.00040
   3.98552   4.70973   3.87026   3.99028   4.69550   3.96752   0.49610   0.10930   0.00558  -0.11820   0.00000
   9.02147   5.98238  16.22301   9.04357   5.98046  16.08521   1.26800   0.10390   0.00636  -0.31100   0.00180
   1.99686   5.99493   7.43035   2.00717   6.00115   7.37679   0.30400   0.10440   0.00388  -0.07700   0.00150
   5.93662   7.99611  14.70593   5.93905   7.99450  14.71037   0.91490   0.06390   0.01017  -0.25550   0.01060
   2.00340   8.99152  15.76338   1.99669   8.98886  15.79651   0.44260   0.12420   0.00631  -0.12090  -0.00180
   2.01269   5.95208   9.89208   1.99940   5.96341   9.91881   0.30410   0.11000   0.00449  -0.07580   0.00070
   3.03672   9.00760   6.88670   3.00061   9.02022   6.82512   0.66210   0.13530   0.00754  -0.18930  -0.00550
   5.04553   3.00957   8.79679   5.07510   2.98632   8.66693   0.56840   0.11530   0.00693  -0.11030  -0.00030
   7.99434   3.01225   6.13042   7.98709   3.03024   6.15130   0.86660   0.11570   0.00810  -0.17330  -0.00060
   3.06585   7.84405   4.76059   3.06077   7.85002   4.80257   0.56980   0.10690   0.00673  -0.15970   0.00060
   4.97690   6.00032  14.13581   4.97723   6.01267  14.23575   0.76080   0.09770   0.00501  -0.18670   0.00370
   2.44106   3.57216   4.32760   2.42871   3.55259   4.20946   0.27620   0.11130   0.00599  -0.05910  -0.00050
   1.97528   3.00886   7.35567   1.98549   2.99130   7.37383   0.22630   0.10770   0.00537  -0.04430   0.00040
   0.97398   6.85385   1.83041   0.98009   6.82551   1.84680   0.15080   0.10730   0.00723  -0.04160  -0.00080
   1.93907   8.06946   9.10118   1.95540   8.02944   9.05755   0.40360   0.10660   0.00474  -0.10970   0.00140
   7.03551   4.23303  18.05834   7.04131   4.16551  17.80318   0.85750   0.10460   0.00755  -0.17630   0.00230
   2.95456   6.03733  11.02190   2.95924   6.04812  11.03360   0.45620   0.10680   0.00455  -0.11370   0.00150
   8.04559   8.02749  10.64996   8.05569   8.02732  10.68554   1.30620   0.05680   0.01117  -0.36800   0.01280
   4.78964   5.02561   4.23444   4.80614   5.02610   4.24381   0.61920   0.10810   0.00523  -0.15090  -0.00010
   1.01186   4.93956   8.85971   1.01665   4.91180   8.84905   0.13690   0.11220   0.00451  -0.03220   0.00020
   7.90809   3.01114   6.29978   7.94895   3.00371   6.14342   0.86150   0.11520   0.00803  -0.17170  -0.00050
   5.82076   6.11580  11.24565   5.81090   6.14184  11.38164   0.89560   0.11300   0.00455  -0.22490   0.00020
   3.01438   8.93422  15.99685   3.00272   8.95261  15.96060   0.57500   0.12650   0.00760  -0.16080  -0.00240
   4.02876   2.93677  19.25796   4.00892   2.94473  19.26355   0.46350   0.10970   0.00780  -0.07780   0.00100
   4.91660   8.00313   5.71730   4.90010   8.02631   5.79612   0.83440   0.09500   0.00807  -0.23790   0.00330
   4.95324   0.92667  13.47587   4.96253   0.95119  13.51059   0.50650   0.11370   0.01049  -0.05640   0.00100
   3.02186   2.93006   7.10938   3.02458   2.94048   7.21443   0.33950   0.11260   0.00600  -0.06620  -0.00050
   7.11342   4.02971   4.20131   7.12660   4.04111   4.14982   0.82730   0.11060   0.00633  -0.18710  -0.00030
   0.00000   5.45774   7.00363   0.00000   5.35784   7.03354  -0.00000   0.10890   0.00416  -0.00000   0.00040
   5.00477   2.00785   6.97138   5.00837   2.01147   6.95588   0.51980   0.11540   0.00807  -0.08840   0.00000
   4.98729   1.97553  17.06104   4.98175   1.98401  17.07393   0.53980   0.11420   0.00903  -0.07580   0.00060
   0.00000   5.48412   7.02829   0.00000   5.51703   7.08982   0.00000   0.10900   0.00415  -0.00000   0.00040
   0.99288   7.00970  20.10491   0.98845   6.99057  20.11421   0.15970   0.11390   0.00661  -0.04050   0.00060
   3.10920   1.02517  11.06985   3.11863   1.00469  10.93667   0.31900   0.11610   0.00867  -0.03840   0.00010
   0.00000   4.79821  12.16926   0.00000   4.79764  12.20320   0.00000   0.11450   0.00518  -0.00000   0.00010
   0.00000   4.78919  12.13319   0.00000   4.83520  12.10251   0.00000   0.11460   0.00517  -0.00000   0.00010
   9.12194   8.93643  14.19652   9.03025   9.07937  14.92821   0.90480   0.12140   0.02896  -0.29360  -0.00160
   5.75622   7.90558  12.58825   5.76155   7.92527  12.63823   1.07420  -0.08100   0.00503  -0.29090   0.04360
   2.98808   1.99804   6.82596   2.99401   1.98267   6.67907   0.31420   0.11360   0.00686  -0.05300  -0.00020
   3.05775   8.97769   7.14600   3.04177   8.98972   6.98953   0.66160   0.13530   0.00736  -0.18910  -0.00560
   4.07783   0.93766  19.78728   4.09025   0.97510  19.87205   0.40910   0.11060   0.01101  -0.03450   0.00170
   4.08318   4.01786   7.17565   4.09375   4.01070   7.12326   0.49580   0.11330   0.00536  -0.10930  -0.00040
   1.93756   3.06368  15.40915   1.94239   3.06280  15.31417   0.22790   0.11520   0.00605  -0.04160   0.00010
   4.85899   7.13342   5.60954   4.85051   7.16758   5.67246   0.80820   0.07030   0.00547  -0.21980   0.00830
   2.21422   8.98634   6.82401   2.21438   8.99132   6.81628   0.55990   0.11600   0.00620  -0.15690  -0.00100
   4.77518   5.03889   4.38688   4.78146   5.05572   4.34008   0.61870   0.11000   0.00512  -0.15100   0.00000
   5.86302   8.97969  12.56021   5.87508   8.97589  12.68047   0.84740   0.11950   0.01782  -0.25360  -0.00120
   6.00610   8.96593  12.94556   6.00001   8.94614  13.13043   0.85460   0.11990   0.01820  -0.25570  -0.00120
   3.66537   9.02989   6.06292   3.66169   9.06182   6.25692   0.73230   0.13640   0.00964  -0.21350  -0.00570
   1.00495   6.00699   7.20289   1.00494   5.97249   7.04685   0.15030   0.10810   0.00408  -0.03810   0.00060
   2.44803   2.96832   2.67209   2.44196   2.97333   2.63281   0.25910   0.10930   0.00751  -0.05300  -0.00050
   8.97630   9.14933  15.72043   8.84086   9.08919  15.51501   0.88020   0.12610   0.02793  -0.28600  -0.00260
   2.02021   9.06703   7.92507   1.99015   9.07163   7.93754   0.52210   0.11760   0.00576  -0.14500  -0.00130
   6.14265   3.93893   3.07890   6.12505   3.95689   3.13750   0.68900   0.10950   0.00860  -0.15650  -0.00050
   0.00000   5.36425   6.98717   0.00000   6.16841   7.01808  -0.00000   0.10890   0.00421  -0.00000   0.00040
   7.02600   2.01690   8.56354   7.03426   2.00677   8.54000   0.73190   0.11490   0.00910  -0.12140   0.00020
   7.01871   2.97145   4.69702   6.95634   2.96926   4.77828   0.74800   0.11350   0.00764  -0.15020  -0.00050
   6.94109   9.04857  17.84013   6.94667   9.05399  18.04917   0.80080   0.13150   0.01981  -0.24840  -0.00370
   5.97370   8.97146  12.84107   5.96519   8.98305  12.86552   0.84980   0.12030   0.01828  -0.25480  -0.00140
   4.88980   5.07011  10.02244   4.90667   5.05634   9.99219   0.66530   0.11470   0.00500  -0.15720  -0.00020
   7.11958   5.91209   2.97931   7.11726   5.91998   3.00265   0.93410   0.10330   0.00958  -0.24600   0.00050
   4.95488   8.00264   1.95271   4.96567   8.00224   1.94889   0.83010   0.10210   0.00989  -0.24210   0.00030
   0.00000   4.98528   7.83211   0.00000   4.87828   7.81895   0.00000   0.11050   0.00425  -0.00000   0.00030
   4.21420   8.95308   6.39275   4.11800   8.96338   5.92483   0.77110   0.13360   0.01071  -0.22670  -0.00510
   8.86079   8.02263  13.50946   8.82309   7.99129  11.72333   1.20920   0.16770   0.02112  -0.35050  -0.01220
   7.01497   6.95605  19.08650   7.02253   6.96094  19.12120   0.97910   0.05640   0.00891  -0.25550   0.01130
   1.99109   3.12234  19.42541   1.99272   3.12590  19.42394   0.23360   0.11540   0.00670  -0.04070   0.00030
   6.00501   3.00733  13.29470   6.00030   3.04128  13.43816   0.68650   0.11540   0.00776  -0.12720   0.00000
   0.00000   4.91906   7.93839   0.00000   4.99599   7.91624   0.00000   0.11090   0.00428  -0.00000   0.00030
   3.99246   7.03345  13.03728   3.98593   7.03172  13.04388   0.67930   0.09010   0.00514  -0.17660   0.00530
   6.03514   5.04484  18.41492   6.03095   5.05628  18.46360   0.79740   0.09960   0.00660  -0.17880   0.00330
   2.46118   3.66205   4.31292   2.45774   3.67091   4.29005   0.28240   0.11090   0.00594  -0.06110  -0.00060
   3.00684   1.11905  15.57173   2.99368   1.14825  15.79899   0.31880   0.10190   0.00883  -0.03510   0.00220
   2.99716   8.99234  12.85792   2.99374   9.01281  12.83582   0.60570   0.12840   0.00730  -0.17050  -0.00300
   2.96100   2.92374  14.76584   2.95769   2.89924  14.57665   0.34360   0.11250   0.00662  -0.06150   0.00030
   2.99360   1.95866  16.68460   2.99442   1.96130  16.62445   0.32660   0.11240   0.00688  -0.04620   0.00070
   0.00000   4.91906   7.93839   0.00000   4.89522   7.92122   0.00000   0.11090   0.00428  -0.00000   0.00030
   5.04284   5.99028  18.96041   5.04558   5.98820  18.98983   0.70480   0.09600   0.00641  -0.17000   0.00400
   6.00320   1.00201  15.74199   6.00845   1.00986  15.74883   0.61810   0.11150   0.01307  -0.06590   0.00150
   0.98948   5.13881   9.89168   0.97445   5.13019   9.93190   0.13540   0.11290   0.00470  -0.03210   0.00020
   9.01799   4.95117  10.72324   9.03768   4.93459  10.64535   1.17390   0.11010   0.00600  -0.27440   0.00030
   4.77588   5.09007   4.30032   4.76473   5.10269   4.27432   0.61930   0.10810   0.00515  -0.15160  -0.00010
   5.84426   2.08059   6.43885   5.82659   2.08736   6.36612   0.60310   0.11450   0.00853  -0.10470   0.00000
   4.06091   2.94056  15.20740   4.06160   2.98290  15.38442   0.47310   0.11330   0.00733  -0.08480   0.00020
   0.00000   5.45450   7.00949   0.00000   5.45750   7.02495   0.00010   0.10890   0.00416  -0.00000   0.00040
   5.99970   8.02232  16.69821   5.99528   8.03763  16.69636   0.86150   0.09320   0.01224  -0.24320   0.00430
   7.46417   6.53516   2.17546   7.45806   6.53507   2.21545   1.01790   0.09490   0.01028  -0.27930   0.00190
   5.99539   1.93041   6.46335   5.99496   1.92768   6.44592   0.61500   0.11450   0.00892  -0.10350   0.00000
   3.94723   4.00627   7.87721   3.95617   4.00526   7.74490   0.48130   0.11410   0.00544  -0.10560  -0.00050
   2.89321   4.02634  15.40937   2.89480   4.00768  15.44705   0.36690   0.11500   0.00623  -0.07570   0.00010
   0.00000   5.45264   6.97535   0.00000   5.40100   6.99410   0.00010   0.10870   0.00418  -0.00000   0.00040
   0.00008   4.22472   1.96509   0.00000   3.95485   1.99306  -0.00000   0.10810   0.00720   0.00000  -0.00080
   5.95035   7.03461  19.98334   5.94693   7.04331  20.01367   0.80710   0.08910   0.00908  -0.21230   0.00490
   0.93753   6.97427  14.14987   0.93023   6.97722  14.14835   0.15910   0.11450   0.00555  -0.04100   0.00020
   0.00750   4.21796   1.94810   0.00738   4.12802   1.97033   0.00080   0.10800   0.00720  -0.00020  -0.00080
   8.78151   8.64480  14.85230   9.08560   8.61064  17.17604   1.00530   0.11250   0.02981  -0.30910   0.00000
   7.85827   3.01120  11.54146   7.88213   3.02155  11.44468   0.88120   0.11520   0.00822  -0.16650  -0.00020
   1.00682   0.77139   5.50233   1.00206   0.77840   5.50996   0.10330   0.11190   0.00633  -0.01240   0.00010
   8.19055   3.07199  17.34699   8.19221   3.10561  17.52440   0.90670   0.09960   0.00912  -0.16020   0.00330
   0.94161   4.01956   1.67996   0.94231   3.99079   1.72068   0.10690   0.10750   0.00718  -0.02440  -0.00110
   4.11085   3.94307   7.08504   4.10521   3.95448   7.13497   0.49480   0.11330   0.00544  -0.10850  -0.00040
   5.82109   2.05671   6.55140   5.81280   2.05046   6.43594   0.60040   0.11510   0.00864  -0.10340  -0.00020
   1.97293   6.02546   7.34995   1.98538   6.02471   7.25177   0.30070   0.10450   0.00390  -0.07630   0.00140
   0.96730   7.13462  19.08100   0.96598   7.12660  19.03483   0.16080   0.11460   0.00643  -0.04110   0.00040
   2.87667   2.03110   4.49178   2.87093   2.03985   4.47300   0.29550   0.11250   0.00691  -0.05170  -0.00020
   3.81420   9.02377   6.05938   3.82366   9.02542   6.20169   0.74660   0.13520   0.01004  -0.21830  -0.00540
   5.03049   2.99289   4.00621   5.00000   3.00000   4.00000   0.53900   0.11260   0.00692  -0.10930  -0.00050
   2.00174   6.90885  14.91991   2.00050   6.90553  14.88221   0.33510   0.11230   0.00571  -0.08600   0.00070
   2.11980   8.87698   6.67277   2.12463   8.88264   6.71230   0.52780   0.11110   0.00594  -0.14770   0.00010
   0.89637   4.38213   8.84192   0.89358   4.42237   8.82941   0.11500   0.11220   0.00454  -0.02600   0.00020
   7.89208   3.04939   5.89180   7.91094   3.03482   5.70008   0.85640   0.11520   0.00797  -0.17200  -0.00060
   5.80418   2.06120   6.38644   5.79599   2.06104   6.39118   0.59890   0.11490   0.00862  -0.10340  -0.00010
   0.94541   8.12047   8.93357   0.96177   8.06046   8.88360   0.20290   0.11070   0.00455  -0.05510   0.00050
   7.04441   2.04614   8.38825   7.03195   2.06935   8.46805   0.73410   0.11550   0.00897  -0.12330   0.00000
   7.07707   2.91923  13.23298   7.06562   2.91576  13.05285   0.79370   0.11460   0.00822  -0.14480   0.00010
   5.04649   9.00202  12.65542   5.05466   9.00999  12.79269   0.78910   0.12570   0.01419  -0.23280  -0.00250
   0.97131   7.15675  19.07972   0.97329   7.13744  19.10731   0.16200   0.11440   0.00643  -0.04150   0.00050
   3.03603   2.85248  12.67108   3.00751   2.88546  12.79181   0.34790   0.11170   0.00661  -0.06350   0.00020
   0.99341   5.97168   5.03108   1.00161   5.96431   5.06687   0.14500   0.10770   0.00502  -0.03720  -0.00020
   1.07499   5.00473  17.97375   1.07598   5.00187  17.96850   0.14890   0.11510   0.00622  -0.03320   0.00020
   3.97448   2.92297  19.35604   3.96541   2.91330  19.30060   0.45720   0.10940   0.00779  -0.07630   0.00110
   6.87033   6.07560  12.38775   6.88864   6.08747  12.31706   1.04530   0.11120   0.00485  -0.26100   0.00060
   2.05007   3.07753  15.22456   2.04564   3.07046  15.26956   0.24000   0.11520   0.00605  -0.04390   0.00010
   3.00674   5.87733  10.66289   3.00412   5.88345  10.65678   0.45340   0.10850   0.00453  -0.11230   0.00120
   8.25752   8.93833  17.56457   8.25445   9.00676  17.68998   0.85910   0.13300   0.02496  -0.27320  -0.00410
   2.94331   8.04970  18.04928   2.95133   8.04597  18.10069   0.49350   0.11390   0.00687  -0.13390   0.00040
   0.96889   8.08622  18.22728   0.97240   8.06020  18.21966   0.18970   0.11520   0.00632  -0.05010   0.00030
   5.01012   4.99596  18.93086   5.02577   4.99188  18.93862   0.67050   0.10990   0.00659  -0.14890   0.00130
   0.00008   4.22472   1.96509   0.00000   3.95485   1.99306  -0.00000   0.10810   0.00720   0.00000  -0.00080
   1.03034   5.06244   0.81531   1.02840   5.03576   0.80698   0.12690   0.10510   0.00701  -0.03190  -0.00140
   0.94790   7.21959  14.19519   0.93753   7.24777  14.23183   0.16680   0.11450   0.00557  -0.04340   0.00020
   6.98771   4.94083  11.82673   6.98903   4.96059  11.91070   0.93140   0.11340   0.00572  -0.21610  -0.00010
   4.03375   7.95892  14.39729   4.03142   7.96769  14.41479   0.68110   0.10100   0.00686  -0.18650   0.00300
   6.86392   1.00705  19.83428   6.86709   0.99231  19.55476   0.67680   0.09560   0.01412  -0.05940   0.00470
   0.97042   5.14825   8.98576   0.96727   5.14762   9.03147   0.13400   0.11230   0.00452  -0.03190   0.00010
   6.96884   4.01029   7.41978   6.94508   4.05941   7.89095   0.83460   0.11350   0.00616  -0.18410  -0.00040
   6.04039   9.00261  20.08053   6.04075   9.00736  20.15668   0.74620   0.13360   0.01603  -0.22550  -0.00400
   8.83507   8.97717  18.05995   8.81457   8.99575  17.94084   0.86770   0.13170   0.02695  -0.27970  -0.00390
   7.09088   8.98329  16.05395   7.06305   9.00278  16.11301   0.85080   0.13110   0.02150  -0.26200  -0.00370
   3.74172   9.05019   6.02619   3.73750   9.06451   6.21025   0.74050   0.13700   0.00997  -0.21630  -0.00580
   0.00000   4.88226   6.10761   0.00000   4.69832   6.10559   0.00000   0.10710   0.00465  -0.00000   0.00050
   2.97518   8.96763  13.01083   2.97884   8.97701  13.01356   0.60110   0.12750   0.00721  -0.16890  -0.00280
   2.84337   2.99551  14.85381   2.83928   2.96279  14.85369   0.33110   0.11340   0.00649  -0.05970   0.00020
   0.97883   7.12982   7.02949   0.97615   7.13823   7.06284   0.17130   0.10790   0.00417  -0.04580   0.00060
   8.04233   4.05546  16.42234   8.06190   4.07259  16.46941   0.96520   0.10100   0.00779  -0.19860   0.00280
   2.04382   3.99004   8.80798   2.07068   3.97416   8.80427   0.25570   0.11200   0.00495  -0.05550   0.00000
   3.05282   8.95556  16.01562   3.04091   8.98913  15.98136   0.58090   0.12720   0.00772  -0.16270  -0.00260
   2.75555   5.01627  12.38578   2.77780   4.99737  12.34601   0.38170   0.11430   0.00527  -0.08840   0.00010
   8.01456   3.02776   5.95708   8.01419   3.02957   5.73656   0.86720   0.11530   0.00809  -0.17400  -0.00060
   0.92676   3.10744   7.97937   0.92880   3.10449   7.96383   0.10680   0.11040   0.00440  -0.02130   0.00010
   3.01902   7.95333   4.82801   3.01284   7.95810   4.85072   0.57320   0.10770   0.00679  -0.16100   0.00050
   9.12760   8.64564  15.39836   9.08824   8.68616  15.15827   1.03190   0.09830   0.03060  -0.31810   0.00320
   7.11585   4.09234   4.22319   7.11118   4.09788   4.26465   0.83100   0.11020   0.00625  -0.18870  -0.00030
   0.00000   4.88421   4.95007   0.00000   4.75549   4.90410   0.00000   0.10840   0.00528  -0.00000  -0.00030
   8.96540   9.08469  15.94780   9.14314   9.09783  17.27041   0.84650   0.13020   0.02743  -0.28000  -0.00350
   0.94158   3.82771   5.00197   0.94792   3.83105   4.94109   0.11220   0.10840   0.00524  -0.02440  -0.00040
   1.96634   5.95850  13.14005   1.96022   5.95293  13.12961   0.29730   0.11300   0.00529  -0.07310   0.00050
   7.96096   6.96991   8.85480   7.95770   6.98506   8.92478   1.32840   0.07650   0.00464  -0.35330   0.00850
   2.92791   1.04112  16.06951   2.88298   1.04230  15.75411   0.30840   0.09950   0.00870  -0.03260   0.00260
   0.00000   4.83554   6.03606   0.00000   4.80581   5.98776  -0.00000   0.10670   0.00466  -0.00000   0.00060
   2.46296   8.48209   1.86516   2.46655   8.48376   1.86669   0.51950   0.10750   0.00792  -0.15050  -0.00090
   7.88787   6.07549  19.81828   7.89898   6.10020  19.85084   1.09400   0.05620   0.00696  -0.26580   0.01140
   0.00000   5.46777   7.03005   0.00000   5.45191   7.01319   0.00010   0.10900   0.00416  -0.00000   0.00040
   1.97479   4.02221  10.94226   1.96534   4.00435  10.95265   0.24600   0.11350   0.00527  -0.05270   0.00000
   0.89025   3.90618   4.91809   0.88597   3.88813   4.91883   0.10550   0.10860   0.00529  -0.02310  -0.00050
   3.03425   5.74715  10.28700   3.02946   5.75883  10.29578   0.44940   0.10990   0.00451  -0.11070   0.00080
