Training Information
     Epoch  Cost Train Cost Valid
 =========  ========== ==========
         1   14.90709   14.22167
       100    0.11898    0.11591
       200    0.38671    0.34088
       300    0.10645    0.10303
       400    0.07336    0.07449
       500    0.06338    0.07868
       600    0.04560    0.07171
       700    0.03702    0.06004
       800    0.02764    0.05726
       900    0.03395    0.06890
      1000    0.02476    0.05514
      1100    0.25942    0.23465
      1200    0.11154    0.10613
      1300    0.08435    0.09253
      1400    0.09551    0.10694
      1500    0.06453    0.08847
      1600    0.06568    0.08973
      1700    0.21119    0.16081
      1800    0.06078    0.08409
      1900    0.04398    0.06221
      2000    0.03424    0.05936
      2100    0.02872    0.05397
      2200    0.04899    0.07045
      2300    0.02210    0.05213
      2400    0.02067    0.05242
      2500    0.02295    0.05455
      2600    0.01870    0.05047
      2700    0.01923    0.05261
      2800    0.06155    0.08428
      2900    0.04096    0.06554
      3000    0.03272    0.05967
      3100    0.02854    0.05668
      3200    0.02602    0.05867
      3300    0.02720    0.06042
      3400    0.03021    0.06224
      3500    0.02673    0.06125
      3600    0.02765    0.05326
      3700    0.02891    0.06110
      3800    0.01733    0.05006
      3900    0.02208    0.05516
      4000    0.02350    0.05416
      4100    0.01651    0.04886
      4200    0.01620    0.05001
      4300    0.01924    0.05019
      4400    0.02754    0.07259
      4500    0.01705    0.05237
      4600    0.02208    0.05730
      4700    0.01722    0.05164
      4800    0.01457    0.05052
      4900    0.01352    0.04896
      5000    0.01333    0.04831
      5100    0.01428    0.04836
      5200    0.01471    0.04759
      5300    0.01591    0.05129
      5400    0.02958    0.05249
      5500    0.01173    0.04752
      5600    0.01364    0.05019
      5700    0.01196    0.04858
      5800    0.01667    0.05229
      5900    0.01246    0.04775
      6000    0.01355    0.05090
      6100    0.01286    0.04856
      6200    0.01194    0.04883
      6300    0.01195    0.04940
      6400    0.01342    0.05098
      6500    0.01105    0.04763
      6600    0.01410    0.04906
      6700    0.01100    0.04740
      6800    0.01265    0.04840
      6900    0.01202    0.05003
      7000    0.01878    0.05561
      7100    0.01411    0.04942
      7200    0.01214    0.04926
      7300    0.01423    0.05085
      7400    0.01374    0.04985
      7500    0.01099    0.04704
      7600    0.01171    0.04754
      7700    0.01178    0.04810
      7800    0.01430    0.05243
      7900    0.01114    0.04821
      8000    0.01146    0.04822
      8100    0.01218    0.05058
      8200    0.01172    0.04785
      8300    0.01257    0.05094
      8400    0.01063    0.04824
      8500    0.01112    0.04886
      8600    0.01111    0.05064
      8700    0.01099    0.04747
      8800    0.01459    0.05035
      8900    0.01237    0.04903
      9000    0.01080    0.04909
      9100    0.00988    0.04729
      9200    0.00976    0.04745
      9300    0.01024    0.04784
      9400    0.00924    0.04881
      9500    0.01019    0.04850
      9600    0.01046    0.04913
      9700    0.00940    0.04771
      9800    0.00979    0.04920
      9900    0.01037    0.04861
     10000    0.00982    0.04809
     10100    0.01063    0.05052
     10200    0.01039    0.04777
     10300    0.00985    0.04888
     10400    0.00928    0.04948
     10500    0.01041    0.04944
     10600    0.01251    0.05288
     10700    0.01070    0.04860
     10800    0.01008    0.04900
     10900    0.01236    0.04962
     11000    0.01010    0.04999
     11100    0.01017    0.04940
     11200    0.00923    0.04805
     11300    0.01132    0.05047
     11400    0.00918    0.04912
     11500    0.00959    0.04947
     11600    0.01031    0.04929
     11700    0.01027    0.04961
     11800    0.01028    0.04822
     11900    0.01149    0.04964
     12000    0.01113    0.05254
     12100    0.01032    0.05054
     12200    0.01204    0.05061
     12300    0.01027    0.04945
     12400    0.01082    0.04972
     12500    0.01395    0.05237
     12600    0.01157    0.05052
     12700    0.00888    0.04869
     12800    0.00979    0.04895
     12900    0.00955    0.04924
     13000    0.00869    0.04819
     13100    0.00947    0.04859
     13200    0.02034    0.05484
     13300    0.00910    0.04922
     13400    0.01049    0.04819
     13500    0.00997    0.04801
     13600    0.01054    0.04837
     13700    0.01026    0.04972
     13800    0.00905    0.04785
     13900    0.01034    0.04820
     14000    0.00942    0.04894
     14100    0.00986    0.04804
     14200    0.01317    0.04996
     14300    0.00943    0.04824
     14400    0.00876    0.04907
     14500    0.00919    0.04855
     14600    0.00901    0.04875
     14700    0.00922    0.04963
     14800    3.23421    3.17853
     14900    0.06301    0.08217
     15000    0.04715    0.07411
     15100    0.03561    0.06577
     15200    4.77777    4.68511
     15300    0.17659    0.14835
     15400    0.11238    0.08760
     15500    0.09908    0.09316
     15600    0.06174    0.06767
     15700    0.05715    0.06770
     15800    0.04352    0.06928
     15900    0.03659    0.06419
     16000    0.04439    0.08164
     16100    0.02985    0.06919
     16200    0.02801    0.06343
     16300    0.03076    0.06974
     16400    0.02416    0.06047
     16500    0.02150    0.06074
     16600    0.01977    0.05842
     16700    0.02649    0.06235
     16800    0.01852    0.05970
     16900    0.02348    0.06401
     17000    0.02570    0.06607
     17100    0.01801    0.05782
     17200    0.02103    0.06405
     17300    0.02850    0.06952
     17400    0.01553    0.05793
     17500    0.01678    0.05754
     17600    0.02138    0.06157
     17700    0.01648    0.05739
     17800    0.01618    0.06056
     17900    0.01660    0.05938
     18000    0.01614    0.05861
     18100    0.01572    0.05827
     18200    0.01751    0.05837
     18300    0.02035    0.05929
     18400    0.01711    0.06166
     18500    0.01683    0.05959
     18600    0.01506    0.05843
     18700    0.01410    0.05805
     18800    0.01299    0.05698
     18900    0.01373    0.05923
     19000    0.01378    0.05717
     19100    0.01697    0.06011
     19200    0.01220    0.05714
     19300    0.01570    0.05934
     19400    0.01281    0.05697
     19500    0.01396    0.05823
     19600    0.01328    0.05636
     19700    0.01216    0.05632
     19800    0.01198    0.05400
     19900    0.01160    0.05418
     20000    0.01209    0.05372
     20100    0.01393    0.05393
     20200    0.01216    0.05486
     20300    0.01602    0.05861
     20400    0.01278    0.05532
     20500    0.01182    0.05379
     20600    0.01157    0.05625
     20700    0.01317    0.05681
     20800    0.01110    0.05376
     20900    0.01209    0.05528
     21000    0.02638    0.07772
     21100    0.01526    0.05765
     21200    0.01158    0.05345
     21300    0.01108    0.05410
     21400    0.01251    0.05514
     21500    0.01112    0.05398
     21600    0.01072    0.05530
     21700    0.01160    0.05515
     21800    0.01158    0.05488
     21900    0.01153    0.05695
     22000    0.01224    0.05419
     22100    0.01061    0.05406
     22200    0.22232    0.20872
     22300    0.13836    0.11800
     22400    0.07291    0.07979
     22500    0.06732    0.08800
     22600    0.04692    0.07105
     22700    0.03955    0.06531
     22800    0.03862    0.05741
     22900    0.02714    0.05894
     23000    0.04139    0.06397
     23100    0.02585    0.05765
     23200    0.02433    0.05748
     23300    0.02463    0.05978
     23400    0.02250    0.05687
     23500    0.02052    0.05583
     23600    0.02124    0.05600
     23700    0.01921    0.05272
     23800    0.01909    0.05497
     23900    0.02094    0.05294
     24000    0.01673    0.05173
     24100    0.01824    0.05273
     24200    0.01651    0.05197
     24300    0.01497    0.05092
     24400    0.01744    0.05302
     24500    0.01501    0.05165
     24600    0.01560    0.05052
     24700    0.01634    0.04976
     24800    0.01615    0.05158
     24900    0.01366    0.05129
     25000    0.01952    0.05521
     25100    0.01933    0.05501
     25200    0.01396    0.05178
     25300    0.01396    0.05132
     25400    0.01426    0.05298
     25500    0.01324    0.05041
     25600    0.01640    0.05360
     25700    0.01241    0.05012
     25800    0.01270    0.05203
     25900    0.01207    0.05085
     26000    0.01424    0.05250
     26100    0.01426    0.04981
     26200    0.01405    0.04919
     26300    0.01381    0.05225
     26400    0.01410    0.05024
     26500    0.01200    0.05067
     26600    0.01149    0.04988
     26700    0.01158    0.05021
     26800    0.01512    0.05626
     26900    0.01333    0.04925
     27000    0.01269    0.04927
     27100    0.01373    0.05151
     27200    0.01245    0.05036
     27300    0.01308    0.04870
     27400    0.01129    0.04960
     27500    0.01339    0.05291
     27600    0.01209    0.04888
     27700    0.01322    0.04978
     27800    0.01220    0.04854
     27900    0.01194    0.04976
     28000    0.01216    0.05125
     28100    0.01156    0.04970
     28200    0.01118    0.05059
     28300    0.01074    0.05048
     28400    0.01069    0.04974
     28500    0.01244    0.04953
     28600    0.01094    0.04958
     28700    0.01532    0.05353
     28800    0.01046    0.04902
     28900    0.01192    0.05163
     29000    0.01149    0.05048
     29100    0.01363    0.05082
     29200    0.01098    0.04812
     29300    0.01025    0.04880
     29400    0.01039    0.04811
     29500    0.01034    0.04824
     29600    0.01025    0.04772
     29700    0.01021    0.04809
     29800    0.01134    0.04809
     29900    0.01005    0.04746
     30000    0.00973    0.04807
     30100    0.01026    0.04827
     30200    0.01067    0.04782
     30300    0.00989    0.04948
     30400    0.01138    0.04971
     30500    0.01064    0.05015
     30600    0.01051    0.04793
     30700    0.01226    0.04867
     30800    0.00987    0.05007
     30900    0.01021    0.05005
     31000    0.01044    0.04950
     31100    0.01021    0.05159
     31200    0.00971    0.04955
     31300    0.00959    0.04878
     31400    0.01046    0.04871
     31500    0.00968    0.04830
     31600    0.00990    0.04784
     31700    0.00952    0.04732
     31800    0.01108    0.04714
     31900    0.00937    0.04810
     32000    0.00989    0.04960
     32100    0.00953    0.04794
     32200    0.00975    0.04748
     32300    0.01002    0.04729
     32400    0.00939    0.04791
     32500    0.00928    0.04740
     32600    0.00931    0.04766
     32700    0.00930    0.04740
     32800    0.00965    0.04766
     32900    0.00936    0.04722
     33000    0.00922    0.04768
     33100    0.00979    0.04819
     33200    0.01070    0.05011
     33300    0.01180    0.04858
     33400    0.00936    0.04761
     33500    0.00967    0.04862
     33600    0.01098    0.05038
     33700    0.00999    0.04909
     33800    0.00938    0.04957
     33900    0.01436    0.05431
     34000    0.01137    0.04717
     34100    0.00972    0.04714
     34200    0.01318    0.04926
     34300    0.00964    0.04635
     34400    0.00938    0.04671
     34500    0.00932    0.04883
     34600    0.00992    0.04717
     34700    0.00907    0.04699
     34800    0.00956    0.04695
     34900    0.00979    0.04752
     35000    0.00930    0.04659
     35100    0.00955    0.04622
     35200    0.00959    0.04607
     35300    0.01104    0.04924
     35400    0.00908    0.04662
     35500    0.00967    0.04739
     35600    0.00888    0.04813
     35700    0.00976    0.04675
     35800    0.00928    0.04779
     35900    0.00936    0.04730
     36000    0.00991    0.04888
     36100    0.00891    0.04686
     36200    0.00884    0.04806
     36300    0.00892    0.04744
     36400    0.00871    0.04708
     36500    0.00954    0.04845
     36600    0.00932    0.04832
     36700    0.00939    0.04735
     36800    0.00887    0.04826
     36900    0.00919    0.04797
     37000    0.00921    0.04792
     37100    0.00868    0.04759
     37200    0.00892    0.04766
     37300    0.00883    0.04854
     37400    0.00882    0.04812
     37500    0.00942    0.04793
     37600    0.00912    0.04777
     37700    0.00912    0.04941
     37800    0.00954    0.04831
     37900    0.00960    0.04823
     38000    0.01034    0.04881
     38100    0.00930    0.04758
     38200    0.00953    0.04772
     38300    0.00871    0.04859
     38400    0.00863    0.04791
     38500    0.00882    0.04750
     38600    0.00864    0.04747
     38700    0.00862    0.04761
     38800    0.00953    0.04782
     38900    0.01022    0.04965
     39000    0.00907    0.04861
     39100    0.00860    0.04870
     39200    0.00947    0.04849
     39300    0.00834    0.04736
     39400    0.00860    0.04760
     39500    0.00861    0.04806
     39600    0.00883    0.04830
     39700    0.00838    0.04798
     39800    0.00930    0.04967
     39900    0.00927    0.04931
     40000    0.00866    0.04829
     40100    0.00900    0.04797
     40200    0.00895    0.04820
     40300    0.01017    0.04891
     40400    0.00907    0.04813
     40500    0.01394    0.05225
     40600    0.00873    0.04889
     40700    0.00845    0.04825
     40800    0.00862    0.04786
     40900    0.00877    0.04880
     41000    0.00918    0.04853
     41100    0.00880    0.04903
     41200    0.00827    0.04885
     41300    0.00867    0.04864
     41400    0.00939    0.04874
     41500    0.01207    0.04942
     41600    0.00865    0.04808
     41700    0.00917    0.04865
     41800    0.00979    0.04770
     41900    0.00880    0.04685
     42000    0.00862    0.04782
     42100    0.00859    0.04738
     42200    0.00857    0.04766
     42300    0.00882    0.04796
     42400    0.00850    0.04802
     42500    0.00936    0.04789
     42600    0.00890    0.04809
     42700    0.00848    0.04726
     42800    0.01255    0.04788
     42900    0.00825    0.04691
     43000    0.00846    0.04711
     43100    0.01041    0.04744
     43200    0.00869    0.04831
     43300    0.00817    0.04766
     43400    0.00848    0.04801
     43500    0.00826    0.04762
     43600    0.00850    0.04838
     43700    0.00932    0.04868
     43800    0.00845    0.04812
     43900    0.00851    0.04820
     44000    0.00833    0.04804
     44100    0.00895    0.04794
     44200    0.00845    0.04810
     44300    0.00867    0.05004
     44400    0.00906    0.04919
     44500    0.00855    0.04861
     44600    0.00842    0.04802
     44700    0.00959    0.05007
     44800    0.00908    0.04760
     44900    0.00844    0.04738
     45000    0.00919    0.04775
     45100    0.00856    0.04775
     45200    0.00857    0.04783
     45300    0.00848    0.04681
     45400    0.00936    0.04750
     45500    0.00963    0.04645
     45600    0.00829    0.04662
     45700    0.00851    0.04745
     45800    0.00816    0.04695
     45900    0.00837    0.04709
     46000    0.00795    0.04695
     46100    0.01560    0.05086
     46200    0.00843    0.04812
     46300    0.00796    0.04701
     46400    0.00830    0.04774
     46500    0.00950    0.04742
     46600    0.00800    0.04736
     46700    0.00959    0.04936
     46800    0.00943    0.04890
     46900    0.00812    0.04783
     47000    0.00837    0.04804
     47100    0.00835    0.04800
     47200    0.00882    0.04845
     47300    0.01016    0.04851
     47400    0.00856    0.04731
     47500    0.00898    0.04846
     47600    0.00866    0.04762
     47700    0.00918    0.04842
     47800    0.00835    0.04723
     47900    0.00919    0.04791
     48000    0.00865    0.04623
     48100    0.00845    0.04700
     48200    0.00904    0.04661
     48300    0.00832    0.04718
     48400    0.00867    0.04647
     48500    0.00902    0.04871
     48600    0.00907    0.04986
     48700    0.00926    0.04690
     48800    0.00847    0.04626
     48900    0.00905    0.04695
     49000    0.00882    0.04613
     49100    0.00893    0.04599
     49200    0.00930    0.04656
     49300    0.00943    0.04604
     49400    0.00954    0.04512
     49500    0.01019    0.04660
     49600    0.00860    0.04580
     49700    0.00837    0.04526
     49800    0.00875    0.04612
     49900    0.00850    0.04537
     50000    0.00986    0.04670
     50100    0.00872    0.04554
     50200    0.00845    0.04611
     50300    0.00852    0.04629
     50400    0.00973    0.04634
     50500    0.00845    0.04617
     50600    0.00841    0.04560
     50700    0.00830    0.04525
     50800    0.00896    0.04639
     50900    0.00821    0.04704
     51000    0.00857    0.04600
     51100    0.00858    0.04637
     51200    0.00812    0.04754
     51300    0.00830    0.04553
     51400    0.00814    0.04615
     51500    0.00863    0.04635
     51600    0.00829    0.04556
     51700    0.00971    0.04709
     51800    0.00854    0.04570
     51900    0.00849    0.04656
     52000    0.00838    0.04677
     52100    0.00891    0.04717
     52200    0.00949    0.04760
     52300    0.00916    0.04718
     52400    0.00926    0.04739
     52500    0.00909    0.04698
     52600    0.00871    0.04731
     52700    0.00923    0.04740
     52800    0.00844    0.04761
     52900    0.00801    0.04662
     53000    0.00818    0.04666
     53100    0.00931    0.04825
     53200    0.00806    0.04721
     53300    0.00827    0.04675
     53400    0.00799    0.04614
     53500    0.00847    0.04689
     53600    0.00897    0.04781
     53700    0.00790    0.04673
     53800    0.00853    0.04620
     53900    0.00817    0.04619
     54000    0.00848    0.04564
     54100    0.00811    0.04574
     54200    0.00813    0.04617
     54300    0.00930    0.04740
     54400    0.00854    0.04759
     54500    0.00844    0.04658
     54600    0.00836    0.04563
     54700    0.00819    0.04685
     54800    0.00951    0.04709
     54900    0.00839    0.04751
     55000    0.00804    0.04691
     55100    0.00926    0.04636
     55200    0.00864    0.04750
     55300    0.01001    0.04624
     55400    0.00811    0.04672
     55500    0.00942    0.04614
     55600    0.00809    0.04688
     55700    0.00794    0.04624
     55800    0.00804    0.04605
     55900    0.00791    0.04674
     56000    0.00847    0.04620
     56100    0.00832    0.04753
     56200    0.00849    0.04685
     56300    0.00912    0.04646
     56400    0.01019    0.04604
     56500    0.00766    0.04652
     56600    0.00817    0.04690
     56700    0.00792    0.04629
     56800    0.00778    0.04585
     56900    0.00789    0.04644
     57000    0.00816    0.04665
     57100    0.00892    0.04757
     57200    0.00948    0.04642
     57300    0.00876    0.04748
     57400    0.00856    0.04654
     57500    0.00855    0.04583
     57600    0.00881    0.04669
     57700    0.00854    0.04609
     57800    0.00865    0.04765
     57900    0.00855    0.04639
     58000    0.00846    0.04702
     58100    0.00834    0.04707
     58200    0.00810    0.04624
     58300    0.00843    0.04623
     58400    0.00826    0.04732
     58500    0.00801    0.04600
     58600    0.00817    0.04698
     58700    0.00838    0.04710
     58800    0.00918    0.04752
     58900    0.00880    0.04830
     59000    0.00873    0.04779
     59100    0.00855    0.04720
     59200    0.00891    0.04733
     59300    0.00943    0.04750
     59400    0.00934    0.04692
     59500    0.00822    0.04733
     59600    0.00808    0.04753
     59700    0.00804    0.04867
     59800    0.00837    0.04850
     59900    0.00812    0.04744
     60000    0.00798    0.04688
     60100    0.00814    0.04764
     60200    0.00859    0.04738
     60300    0.00869    0.04971
     60400    0.00770    0.04754
     60500    0.00877    0.04740
     60600    0.00802    0.04887
     60700    0.00882    0.04755
     60800    0.00842    0.04828
     60900    0.00784    0.04813
     61000    0.00822    0.04838
     61100    0.00942    0.04827
     61200    0.00864    0.04791
     61300    0.00853    0.04768
     61400    0.01015    0.04756
     61500    0.00811    0.04699
     61600    0.00785    0.04708
     61700    0.00768    0.04703
     61800    0.00757    0.04709
     61900    0.00806    0.04702
     62000    0.00792    0.04823
     62100    0.00791    0.04781
     62200    0.00787    0.04784
     62300    0.00751    0.04720
     62400    0.00808    0.04785
     62500    0.00757    0.04714
     62600    0.00771    0.04840
     62700    0.00753    0.04746
     62800    0.00761    0.04778
     62900    0.00761    0.04750
     63000    0.00782    0.04764
     63100    0.00770    0.04827
     63200    0.00794    0.04786
     63300    0.00786    0.04915
     63400    0.00766    0.04729
     63500    0.00798    0.04721
     63600    0.00868    0.04843
     63700    0.00855    0.04789
     63800    0.00857    0.04702
     63900    0.00891    0.04675
     64000    0.00800    0.04733
     64100    0.00821    0.04712
     64200    0.00803    0.04659
     64300    0.00793    0.04698
     64400    0.00787    0.04735
     64500    0.00763    0.04625
     64600    0.00779    0.04607
     64700    0.00800    0.04631
     64800    0.00799    0.04662
     64900    0.00761    0.04645
     65000    0.00844    0.04742
     65100    0.00825    0.04669
     65200    0.00789    0.04627
     65300    0.00789    0.04656
     65400    0.00795    0.04734
     65500    0.00790    0.04845
     65600    0.00774    0.04668
     65700    0.00797    0.04750
     65800    0.00781    0.04726
     65900    0.00825    0.04847
     66000    0.01504    0.05236
     66100    0.00811    0.04655
     66200    0.00749    0.04710
     66300    0.00821    0.04788
     66400    0.00759    0.04702
     66500    0.00766    0.04727
     66600    0.00804    0.04746
     66700    0.00786    0.04776
     66800    0.00815    0.04800
     66900    0.00764    0.04734
     67000    0.00985    0.04850
     67100    0.00758    0.04697
     67200    0.00821    0.04736
     67300    0.00765    0.04695
     67400    0.00779    0.04701
     67500    0.00920    0.04781
     67600    0.00786    0.04737
     67700    0.00784    0.04754
     67800    0.00818    0.04805
     67900    0.00812    0.04744
     68000    0.00788    0.04746
     68100    0.00806    0.04817
     68200    0.00830    0.04899
     68300    0.00795    0.04805
     68400    0.00843    0.04835
     68500    0.00912    0.04813
     68600    0.00809    0.04737
     68700    0.00877    0.04843
     68800    0.00863    0.04750
     68900    0.00890    0.04818
     69000    0.00888    0.04841
     69100    0.00828    0.04791
     69200    0.00841    0.04934
     69300    0.00812    0.04835
     69400    0.00789    0.04737
     69500    0.00815    0.04830
     69600    0.00852    0.04816
     69700    0.00865    0.04908
     69800    0.00835    0.04804
     69900    0.00887    0.04819
     70000    0.00830    0.04702
     70100    0.00816    0.04684
     70200    0.00807    0.04703
     70300    0.00768    0.04710
     70400    0.00756    0.04732
     70500    0.00798    0.04806
     70600    0.00769    0.04745
     70700    0.00761    0.04766
     70800    0.00828    0.04770
     70900    0.00801    0.04899
     71000    0.00809    0.04774
     71100    0.00802    0.04719
     71200    0.00821    0.04722
     71300    0.00784    0.04659
     71400    0.00769    0.04699
     71500    0.00767    0.04752
     71600    0.00771    0.04809
     71700    0.00770    0.04828
     71800    0.00814    0.04703
     71900    0.00811    0.04779
     72000    0.00789    0.04771
     72100    0.00785    0.04771
     72200    0.00783    0.04758
     72300    0.00786    0.04827
     72400    0.00759    0.04854
     72500    0.00760    0.04779
     72600    0.00769    0.04801
     72700    0.00783    0.04791
     72800    0.00756    0.04786
     72900    0.00810    0.04760
     73000    0.00811    0.04725
     73100    0.00793    0.04774
     73200    0.00784    0.04766
     73300    0.00782    0.04768
     73400    0.00829    0.04886
     73500    0.00787    0.04853
     73600    0.00787    0.04858
     73700    0.00788    0.04820
     73800    0.00815    0.04850
     73900    0.00897    0.04901
     74000    0.00960    0.04791
     74100    0.00859    0.04873
     74200    0.00807    0.04863
     74300    0.00759    0.04854
     74400    0.00833    0.04922
     74500    0.00770    0.04799
     74600    0.00772    0.04810
     74700    0.00843    0.04850
     74800    0.00771    0.04886
     74900    0.00746    0.04974
     75000    0.00845    0.04873
     75100    0.00792    0.04828
     75200    0.00814    0.04887
     75300    0.00755    0.04899
     75400    0.00747    0.04818
     75500    0.00779    0.04960
     75600    0.00792    0.04978
     75700    0.00743    0.04885
     75800    0.00790    0.04972
     75900    0.00876    0.04828
     76000    0.00828    0.04893
     76100    0.00749    0.04819
     76200    0.00742    0.04843
     76300    0.00762    0.04879
     76400    0.00768    0.04843
     76500    0.00763    0.04768
     76600    0.00760    0.04823
     76700    0.00763    0.04794
     76800    0.00757    0.04915
     76900    0.00766    0.04900
     77000    0.00879    0.04868
     77100    0.00836    0.04904
     77200    0.00850    0.04972
     77300    0.00829    0.04857
     77400    0.01013    0.04779
     77500    0.00764    0.04784
     77600    0.00792    0.04822
     77700    0.00780    0.04797
     77800    0.00807    0.04810
     77900    0.00960    0.04811
     78000    0.00940    0.04763
     78100    0.00813    0.04600
     78200    0.00810    0.04632
     78300    0.00939    0.04694
     78400    0.00772    0.04554
     78500    0.00820    0.04647
     78600    0.00811    0.04573
     78700    0.00744    0.04658
     78800    0.00770    0.04668
     78900    0.01113    0.04992
     79000    0.00766    0.04596
     79100    0.00836    0.04653
     79200    0.00788    0.04694
     79300    0.00733    0.04630
     79400    0.00815    0.04689
     79500    0.00831    0.04708
     79600    0.00815    0.04681
     79700    0.00789    0.04662
     79800    0.00776    0.04627
     79900    0.00782    0.04630
     80000    0.00778    0.04615
     80100    0.00764    0.04590
     80200    0.00781    0.04632
     80300    0.00755    0.04650
     80400    0.00733    0.04622
     80500    0.00752    0.04685
     80600    0.00733    0.04645
     80700    0.00768    0.04692
     80800    0.00724    0.04663
     80900    0.00724    0.04658
     81000    0.00727    0.04652
     81100    0.00725    0.04670
     81200    0.00731    0.04686
     81300    0.00718    0.04732
     81400    0.00736    0.04751
     81500    0.00747    0.04696
     81600    0.00751    0.04736
     81700    0.00737    0.04775
     81800    0.00749    0.04792
     81900    0.00754    0.04819
     82000    0.00761    0.04808
     82100    0.00755    0.04810
     82200    0.00762    0.04827
     82300    0.00780    0.04773
     82400    0.00941    0.04876
     82500    0.00850    0.04784
     82600    0.00829    0.04632
     82700    0.00779    0.04658
     82800    0.00752    0.04640
     82900    0.00734    0.04638
     83000    0.00739    0.04689
     83100    0.00752    0.04667
     83200    0.00726    0.04695
     83300    0.00737    0.04666
     83400    0.00753    0.04690
     83500    0.00727    0.04736
     83600    0.00741    0.04740
     83700    0.00756    0.04659
     83800    0.00822    0.04760
     83900    0.00791    0.04638
     84000    0.00762    0.04683
     84100    0.00743    0.04661
     84200    0.00759    0.04695
     84300    0.00836    0.04725
     84400    0.00746    0.04653
     84500    0.00732    0.04713
     84600    0.00748    0.04729
     84700    0.00726    0.04663
     84800    0.00753    0.04715
     84900    0.00754    0.04714
     85000    0.00751    0.04707
     85100    0.00762    0.04753
     85200    0.00756    0.04682
     85300    0.00733    0.04743
     85400    0.00744    0.04682
     85500    0.00735    0.04708
     85600    0.00760    0.04817
     85700    0.00745    0.04765
     85800    0.00735    0.04710
     85900    0.00763    0.04759
     86000    0.00745    0.04775
     86100    0.00737    0.04737
     86200    0.00769    0.04709
     86300    0.00749    0.04784
     86400    0.00727    0.04729
     86500    0.00741    0.04793
     86600    0.00732    0.04753
     86700    0.00735    0.04809
     86800    0.00747    0.04822
     86900    0.00735    0.04752
     87000    0.00760    0.04782
     87100    0.00750    0.04838
     87200    0.00782    0.04856
     87300    0.00770    0.04849
     87400    0.00767    0.04817
     87500    0.00746    0.04873
     87600    0.00757    0.04882
     87700    0.00768    0.04928
     87800    0.00775    0.04900
     87900    0.00785    0.04883
     88000    0.00900    0.05024
     88100    0.00862    0.04858
     88200    0.00793    0.04872
     88300    0.00797    0.04761
     88400    0.00777    0.04711
     88500    0.00776    0.04674
     88600    0.00832    0.04779
     88700    0.00823    0.04731
     88800    0.01071    0.04732
     88900    0.00888    0.04748
     89000    0.00797    0.04628
     89100    0.00811    0.04666
     89200    0.00768    0.04652
     89300    0.00834    0.04722
     89400    0.00796    0.04674
     89500    0.00773    0.04703
     89600    0.00810    0.04767
     89700    0.00805    0.05205
     89800    0.00891    0.04633
     89900    0.00817    0.04680
     90000    0.00922    0.04884
     90100    0.00821    0.04723
     90200    0.00795    0.04767
     90300    0.00761    0.04719
     90400    0.00759    0.04686
     90500    0.00761    0.04661
     90600    0.00777    0.04672
     90700    0.00760    0.04687
     90800    0.00795    0.04704
     90900    0.00764    0.04670
     91000    0.00812    0.04637
     91100    0.00906    0.04899
     91200    0.00786    0.04804
     91300    0.00794    0.04665
     91400    0.00736    0.04650
     91500    0.00762    0.04631
     91600    0.00734    0.04642
     91700    0.00745    0.04665
     91800    0.00758    0.04721
     91900    0.00737    0.04697
     92000    0.00838    0.04764
     92100    0.00836    0.04727
     92200    0.00762    0.04730
     92300    0.00759    0.04695
     92400    0.00730    0.04667
     92500    0.00719    0.04662
     92600    0.00751    0.04723
     92700    0.00850    0.04757
     92800    0.00775    0.04691
     92900    0.00829    0.04654
     93000    0.00828    0.04765
     93100    0.00970    0.04961
     93200    0.00835    0.04680
     93300    0.00814    0.04835
     93400    0.00830    0.04739
     93500    0.00820    0.04746
     93600    0.00789    0.04776
     93700    0.00806    0.04868
     93800    0.00812    0.04726
     93900    0.00855    0.04759
     94000    0.00770    0.04679
     94100    0.00826    0.04786
     94200    0.00765    0.04667
     94300    0.00791    0.04698
     94400    0.00783    0.04677
     94500    0.00774    0.04731
     94600    0.00772    0.04633
     94700    0.00771    0.04717
     94800    0.00859    0.04860
     94900    0.00860    0.04641
     95000    0.00757    0.04798
     95100    0.00794    0.04689
     95200    0.00784    0.04672
     95300    0.00751    0.04664
     95400    0.00775    0.04696
     95500    0.00867    0.04809
     95600    0.00822    0.04760
     95700    0.00877    0.04867
     95800    0.00764    0.04657
     95900    0.00755    0.04627
     96000    0.00753    0.04624
     96100    0.00760    0.04721
     96200    0.00791    0.04740
     96300    0.00757    0.04727
     96400    0.00767    0.04740
     96500    0.00776    0.04798
     96600    0.00825    0.04690
     96700    0.00765    0.04768
     96800    0.00776    0.04619
     96900    0.00757    0.04664
     97000    0.00729    0.04652
     97100    0.00758    0.04687
     97200    0.00836    0.04692
     97300    0.00741    0.04672
     97400    0.00747    0.04701
     97500    0.00773    0.04654
     97600    0.00781    0.04737
     97700    0.00731    0.04678
     97800    0.00742    0.04702
     97900    0.00787    0.04732
     98000    0.00756    0.04716
     98100    0.00764    0.04699
     98200    0.00833    0.04637
     98300    0.00785    0.04832
     98400    0.00781    0.04685
     98500    0.00846    0.04768
     98600    0.00745    0.04656
     98700    0.00747    0.04660
     98800    0.00779    0.04733
     98900    0.00777    0.04665
     99000    0.00776    0.04752
     99100    0.00854    0.04769
     99200    0.00846    0.04585
     99300    0.00781    0.04689
     99400    0.00775    0.04698
     99500    0.00778    0.04813
     99600    0.00771    0.04745
     99700    0.00763    0.04594
     99800    0.00744    0.04617
     99900    0.00789    0.04695
    100000    0.00753    0.04734
    100100    0.00756    0.04746
    100200    0.00730    0.04748
    100300    0.00748    0.04755
    100400    0.00876    0.04759
    100500    0.00735    0.04725
    100600    0.00803    0.04633
    100700    0.00730    0.04624
    100800    0.00756    0.04743
    100900    0.00768    0.04704
    101000    0.00750    0.04651
    101100    0.00754    0.04645
    101200    0.00730    0.04651
    101300    0.00753    0.04617
    101400    0.00823    0.04806
    101500    0.00749    0.04678
    101600    0.00807    0.04731
    101700    0.00758    0.04707
    101800    0.00765    0.04725
    101900    0.00758    0.04659
    102000    0.00734    0.04673
    102100    0.00727    0.04661
    102200    0.00783    0.04750
    102300    0.00784    0.04795
    102400    0.00826    0.04750
    102500    0.00816    0.04598
    102600    0.00750    0.04672
    102700    0.00767    0.04719
    102800    0.00811    0.04717
    102900    0.00783    0.04705
    103000    0.00782    0.04672
    103100    0.00757    0.04780
    103200    0.00762    0.04666
    103300    0.00789    0.04790
    103400    0.00754    0.04776
    103500    0.00746    0.04772
    103600    0.00745    0.04785
    103700    0.00782    0.04785
    103800    0.00783    0.04754
    103900    0.00768    0.04789
    104000    0.00761    0.04809
    104100    0.00794    0.04662
    104200    0.00813    0.04612
    104300    0.00848    0.04686
    104400    0.00753    0.04669
    104500    0.00979    0.04808
    104600    0.00764    0.04656
    104700    0.00740    0.04674
    104800    0.00822    0.04725
    104900    0.00747    0.04587
    105000    0.00740    0.04597
    105100    0.00730    0.04644
    105200    0.00716    0.04641
    105300    0.00730    0.04676
    105400    0.00732    0.04735
    105500    0.00785    0.04711
    105600    0.00724    0.04659
    105700    0.00741    0.04656
    105800    0.00758    0.04653
    105900    0.00770    0.04752
    106000    0.00719    0.04692
    106100    0.00711    0.04688
    106200    0.00735    0.04685
    106300    0.00728    0.04652
    106400    0.00713    0.04726
    106500    0.00741    0.04647
    106600    0.00725    0.04671
    106700    0.00719    0.04665
    106800    0.00725    0.04678
    106900    0.00725    0.04701
    107000    0.00709    0.04676
    107100    0.00716    0.04703
    107200    0.00819    0.04723
    107300    0.00724    0.04705
    107400    0.00808    0.04743
    107500    0.00727    0.04643
    107600    0.00716    0.04664
    107700    0.00708    0.04610
    107800    0.00741    0.04612
    107900    0.00732    0.04690
    108000    0.00797    0.04764
    108100    0.00750    0.04732
    108200    0.00745    0.04730
    108300    0.00741    0.04683
    108400    0.00721    0.04661
    108500    0.00723    0.04694
    108600    0.00775    0.04716
    108700    0.00714    0.04729
    108800    0.00741    0.04708
    108900    0.00720    0.04728
    109000    0.00731    0.04699
    109100    0.00850    0.04862
    109200    0.00781    0.04698
    109300    0.00743    0.04789
    109400    0.00746    0.04703
    109500    0.00725    0.04687
    109600    0.00748    0.04760
    109700    0.00714    0.04683
    109800    0.00727    0.04710
    109900    0.00720    0.04698
    110000    0.00735    0.04697
    110100    0.00878    0.04719
    110200    0.00764    0.04743
    110300    0.00773    0.04689
    110400    0.00795    0.04668
    110500    0.00709    0.04612
    110600    0.00734    0.04666
    110700    0.00730    0.04658
    110800    0.00753    0.04600
    110900    0.00735    0.04606
    111000    0.00729    0.04627
    111100    0.00744    0.04631
    111200    0.00724    0.04665
    111300    0.00709    0.04704
    111400    0.00899    0.04684
    111500    0.00821    0.04682
    111600    0.00815    0.04674
    111700    0.00789    0.04638
    111800    0.00770    0.04610
    111900    0.00730    0.04636
    112000    0.00731    0.04613
    112100    0.00710    0.04619
    112200    0.00698    0.04622
    112300    0.00782    0.04661
    112400    0.00740    0.04666
    112500    0.00819    0.04689
    112600    0.00729    0.04625
    112700    0.00735    0.04602
    112800    0.00740    0.04656
    112900    0.00733    0.04596
    113000    0.00763    0.04577
    113100    0.00729    0.04581
    113200    0.00692    0.04545
    113300    0.00726    0.04582
    113400    0.00722    0.04599
    113500    0.00771    0.04710
    113600    0.00780    0.04732
    113700    0.00729    0.04601
    113800    0.00753    0.04655
    113900    0.00749    0.04665
    114000    0.00717    0.04620
    114100    0.00733    0.04718
    114200    0.00743    0.04654
    114300    0.00793    0.04755
    114400    0.00791    0.04799
    114500    0.00762    0.04687
    114600    0.00727    0.04537
    114700    0.00748    0.04603
    114800    0.00746    0.04569
    114900    0.00760    0.04616
    115000    0.00728    0.04620
    115100    0.00729    0.04629
    115200    0.00715    0.04616
    115300    0.00701    0.04598
    115400    0.00714    0.04621
    115500    0.00711    0.04648
    115600    0.00705    0.04607
    115700    0.00735    0.04593
    115800    0.00704    0.04612
    115900    0.00717    0.04615
    116000    0.00715    0.04638
    116100    0.00704    0.04651
    116200    0.00717    0.04633
    116300    0.00721    0.04610
    116400    0.00738    0.04664
    116500    0.00713    0.04717
    116600    0.00709    0.04697
    116700    0.00731    0.04617
    116800    0.00713    0.04613
    116900    0.00713    0.04606
    117000    0.00718    0.04708
    117100    0.00742    0.04672
    117200    0.00738    0.04645
    117300    0.00810    0.04654
    117400    0.00697    0.04619
    117500    0.00712    0.04622
    117600    0.00711    0.04629
    117700    0.00702    0.04639
    117800    0.00741    0.04666
    117900    0.00708    0.04725
    118000    0.00702    0.04643
    118100    0.00748    0.04644
    118200    0.00704    0.04717
    118300    0.00717    0.04691
    118400    0.00699    0.04714
    118500    0.00726    0.04723
    118600    0.00713    0.04688
    118700    0.00817    0.04710
    118800    0.00746    0.04775
    118900    0.00741    0.04659
    119000    0.00701    0.04619
    119100    0.00705    0.04641
    119200    0.00692    0.04652
    119300    0.00702    0.04597
    119400    0.00710    0.04681
    119500    0.00698    0.04700
    119600    0.00701    0.04670
    119700    0.00704    0.04621
    119800    0.00705    0.04689
    119900    0.00682    0.04618
    120000    0.00711    0.04645
    120100    0.00700    0.04710
    120200    0.00722    0.04714
    120300    0.00790    0.04722
    120400    0.00744    0.04680
    120500    0.00811    0.04621
    120600    0.00747    0.04621
    120700    0.00721    0.04640
    120800    0.00762    0.04631
    120900    0.00723    0.04688
    121000    0.00687    0.04601
    121100    0.00701    0.04636
    121200    0.00706    0.04660
    121300    0.00698    0.04662
    121400    0.00711    0.04641
    121500    0.00711    0.04630
    121600    0.00706    0.04670
    121700    0.00705    0.04684
    121800    0.00700    0.04713
    121900    0.00710    0.04681
    122000    0.00711    0.04676
    122100    0.00708    0.04729
    122200    0.00694    0.04604
    122300    0.00726    0.04713
    122400    0.00693    0.04691
    122500    0.00681    0.04620
    122600    0.00690    0.04644
    122700    0.00707    0.04636
    122800    0.00688    0.04688
    122900    0.00711    0.04661
    123000    0.00696    0.04704
    123100    0.00702    0.04666
    123200    0.00722    0.04644
    123300    0.00704    0.04704
    123400    0.00689    0.04690
    123500    0.00678    0.04729
    123600    0.00707    0.04685
    123700    0.00699    0.04681
    123800    0.00716    0.04690
    123900    0.00721    0.04648
    124000    0.00725    0.04654
    124100    0.00711    0.04672
    124200    0.00705    0.04606
    124300    0.00722    0.04621
    124400    0.00760    0.04699
    124500    0.00732    0.04619
    124600    0.00742    0.04622
    124700    0.00727    0.04649
    124800    0.00723    0.04613
    124900    0.00731    0.04646
    125000    0.00719    0.04666
    125100    0.00691    0.04655
    125200    0.00708    0.04676
    125300    0.00691    0.04593
    125400    0.00746    0.04645
    125500    0.00723    0.04619
    125600    0.00686    0.04640
    125700    0.00686    0.04620
    125800    0.00683    0.04636
    125900    0.00708    0.04613
    126000    0.00708    0.04615
    126100    0.00723    0.04614
    126200    0.00682    0.04611
    126300    0.00696    0.04594
    126400    0.00701    0.04653
    126500    0.00720    0.04710
    126600    0.00706    0.04657
    126700    0.00703    0.04655
    126800    0.00688    0.04586
    126900    0.00692    0.04620
    127000    0.00707    0.04661
    127100    0.00676    0.04610
    127200    0.00687    0.04613
    127300    0.00694    0.04675
    127400    0.00695    0.04642
    127500    0.00678    0.04635
    127600    0.00707    0.04654
    127700    0.00684    0.04658
    127800    0.00689    0.04653
    127900    0.00680    0.04649
    128000    0.00680    0.04660
    128100    0.00689    0.04678
    128200    0.00703    0.04692
    128300    0.00690    0.04709
    128400    0.00713    0.04754
    128500    0.00707    0.04723
    128600    0.00758    0.04834
    128700    0.00709    0.04634
    128800    0.00732    0.04735
    128900    0.00758    0.04764
    129000    0.00710    0.04611
    129100    0.00689    0.04677
    129200    0.00692    0.04655
    129300    0.00684    0.04680
    129400    0.00679    0.04691
    129500    0.00689    0.04694
    129600    0.00677    0.04656
    129700    0.00688    0.04693
    129800    0.00680    0.04687
    129900    0.00718    0.04753
    130000    0.00713    0.04749
    130100    0.00708    0.04750
    130200    0.00753    0.04810
    130300    0.00738    0.04611
    130400    0.00784    0.04647
    130500    0.00707    0.04650
    130600    0.00744    0.04676
    130700    0.00712    0.04664
    130800    0.00716    0.04698
    130900    0.00677    0.04615
    131000    0.00685    0.04665
    131100    0.00699    0.04640
    131200    0.00723    0.04702
    131300    0.00690    0.04693
    131400    0.00678    0.04665
    131500    0.00678    0.04660
    131600    0.00680    0.04696
    131700    0.00694    0.04710
    131800    0.00701    0.04665
    131900    0.00728    0.04721
    132000    0.00706    0.04705
    132100    0.00710    0.04726
    132200    0.00782    0.04806
    132300    0.00713    0.04751
    132400    0.00779    0.04628
    132500    0.00764    0.04673
    132600    0.00744    0.04648
    132700    0.00700    0.04666
    132800    0.00696    0.04659
    132900    0.00702    0.04672
    133000    0.00709    0.04676
    133100    0.00730    0.04692
    133200    0.00718    0.04623
    133300    0.00709    0.04687
    133400    0.00716    0.04631
    133500    0.00705    0.04711
    133600    0.00706    0.04725
    133700    0.00717    0.04682
    133800    0.00694    0.04687
    133900    0.00721    0.04698
    134000    0.00719    0.04689
    134100    0.00796    0.04789
    134200    0.00778    0.04720
    134300    0.00740    0.04734
    134400    0.00820    0.04856
    134500    0.00774    0.04688
    134600    0.00774    0.04697
    134700    0.00828    0.04738
    134800    0.00823    0.04732
    134900    0.00776    0.04652
    135000    0.00879    0.04725
    135100    0.00741    0.04725
    135200    0.00756    0.04675
    135300    0.00734    0.04675
    135400    0.00740    0.04683
    135500    0.00748    0.04746
    135600    0.00717    0.04712
    135700    0.00749    0.04789
    135800    0.00713    0.04682
    135900    0.00746    0.04719
    136000    0.00739    0.04708
    136100    0.00718    0.04666
    136200    0.00728    0.04721
    136300    0.00723    0.04671
    136400    0.00731    0.04650
    136500    0.00708    0.04651
    136600    0.00713    0.04645
    136700    0.00713    0.04625
    136800    0.00756    0.04691
    136900    0.00740    0.04671
    137000    0.00731    0.04698
    137100    0.00728    0.04673
    137200    0.00728    0.04703
    137300    0.00744    0.04658
    137400    0.00740    0.04638
    137500    0.00744    0.04634
    137600    0.00727    0.04631
    137700    0.00785    0.04686
    137800    0.00751    0.04732
    137900    0.00756    0.04621
    138000    0.00758    0.04666
    138100    0.00708    0.04701
    138200    0.00699    0.04615
    138300    0.00707    0.04632
    138400    0.00712    0.04620
    138500    0.00693    0.04659
    138600    0.00696    0.04629
    138700    0.00731    0.04660
    138800    0.00701    0.04651
    138900    0.00699    0.04637
    139000    0.00724    0.04652
    139100    0.00717    0.04633
    139200    0.00699    0.04674
    139300    0.00709    0.04655
    139400    0.00704    0.04654
    139500    0.00701    0.04652
    139600    0.00721    0.04658
    139700    0.00707    0.04664
    139800    0.00699    0.04711
    139900    0.00711    0.04676
    140000    0.00708    0.04626
    140100    0.00732    0.04694
    140200    0.00721    0.04658
    140300    0.00731    0.04709
    140400    0.00729    0.04867
    140500    0.00719    0.04641
    140600    0.00698    0.04647
    140700    0.00700    0.04608
    140800    0.00709    0.04588
    140900    0.00697    0.04601
    141000    0.00711    0.04584
    141100    0.00736    0.04640
    141200    0.00750    0.04652
    141300    0.00757    0.04582
    141400    0.00783    0.04580
    141500    0.00801    0.04639
    141600    0.00789    0.04614
    141700    0.00795    0.04641
    141800    0.00752    0.04632
    141900    0.00864    0.04661
    142000    0.00740    0.04607
    142100    0.00731    0.04619
    142200    0.00727    0.04612
    142300    0.00737    0.04655
    142400    0.00718    0.04622
    142500    0.00716    0.04548
    142600    0.00702    0.04588
    142700    0.00722    0.04579
    142800    0.00718    0.04679
    142900    0.00709    0.04616
    143000    0.00827    0.04603
    143100    0.00738    0.04572
    143200    0.00759    0.04662
    143300    0.00746    0.04586
    143400    0.00734    0.04562
    143500    0.00722    0.04570
    143600    0.00715    0.04622
    143700    0.00702    0.04598
    143800    0.00733    0.04607
    143900    0.00726    0.04637
    144000    0.00715    0.04617
    144100    0.00724    0.04621
    144200    0.00729    0.04707
    144300    0.00714    0.04576
    144400    0.00721    0.04643
    144500    0.00748    0.04732
    144600    0.00725    0.04589
    144700    0.00762    0.04704
    144800    0.00732    0.04599
    144900    0.00735    0.04599
    145000    0.00746    0.04622
    145100    0.00765    0.04707
    145200    0.00917    0.04895
    145300    0.01009    0.04957
    145400    0.00802    0.04621
    145500    0.00860    0.04651
    145600    0.00751    0.04626
    145700    0.00718    0.04585
    145800    0.00691    0.04571
    145900    0.00746    0.04641
    146000    0.00735    0.04689
    146100    0.00747    0.04640
    146200    0.00912    0.04873
    146300    0.00757    0.04703
    146400    0.00707    0.04637
    146500    0.00700    0.04652
    146600    0.00727    0.04642
    146700    0.00698    0.04556
    146800    0.00749    0.04645
    146900    0.00733    0.04675
    147000    0.00809    0.04793
    147100    0.00757    0.04736
    147200    0.00730    0.04706
    147300    0.00780    0.04746
    147400    0.00776    0.04853
    147500    0.00789    0.04831
    147600    0.00751    0.04698
    147700    0.00721    0.04757
    147800    0.00693    0.04764
    147900    0.00713    0.04702
    148000    0.00706    0.04668
    148100    0.00700    0.04690
    148200    0.00723    0.04720
    148300    0.00705    0.04710
    148400    0.00711    0.04734
    148500    0.00719    0.04764
    148600    0.00708    0.04679
    148700    0.00686    0.04690
    148800    0.00708    0.04687
    148900    0.00733    0.04757
    149000    0.00701    0.04695
    149100    0.00686    0.04715
    149200    0.00711    0.04697
    149300    0.00680    0.04750
    149400    0.00702    0.04722
    149500    0.00683    0.04735
    149600    0.00695    0.04768
    149700    0.00695    0.04752
    149800    0.00691    0.04760
    149900    0.00695    0.04794
    150000    0.00702    0.04749
    150100    0.00688    0.04742
    150200    0.00687    0.04755
    150300    0.00681    0.04721
    150400    0.00682    0.04746
    150500    0.00694    0.04788
    150600    0.00688    0.04734
    150700    0.00721    0.04787
    150800    0.00719    0.04766
    150900    0.00709    0.04754
    151000    0.00710    0.04742
    151100    0.00703    0.04779
    151200    0.00681    0.04738
    151300    0.00712    0.04802
    151400    0.00713    0.04773
    151500    0.00699    0.04750
    151600    0.00693    0.04772
    151700    0.00691    0.04781
    151800    0.00684    0.04734
    151900    0.00708    0.04771
    152000    0.00690    0.04794
    152100    0.00686    0.04689
    152200    0.00688    0.04742
    152300    0.00738    0.04774
    152400    0.00754    0.04713
    152500    0.00726    0.04835
    152600    0.00707    0.04764
    152700    0.00717    0.04699
    152800    0.00681    0.04665
    152900    0.00716    0.04679
    153000    0.00711    0.04635
    153100    0.00693    0.04666
    153200    0.00711    0.04647
    153300    0.00690    0.04683
    153400    0.00722    0.04696
    153500    0.00764    0.04818
    153600    0.00747    0.04617
    153700    0.00723    0.04650
    153800    0.00706    0.04716
    153900    0.00694    0.04666
    154000    0.00727    0.04679
    154100    0.00711    0.04631
    154200    0.00718    0.04634
    154300    0.00702    0.04634
    154400    0.00725    0.04687
    154500    0.00713    0.04678
    154600    0.00706    0.04697
    154700    0.00706    0.04715
    154800    0.00788    0.04665
    154900    0.00778    0.04753
    155000    0.00704    0.04700
    155100    0.00776    0.04669
    155200    0.00738    0.04655
    155300    0.00691    0.04678
    155400    0.00691    0.04692
    155500    0.00700    0.04699
    155600    0.00683    0.04694
    155700    0.00694    0.04684
    155800    0.00701    0.04704
    155900    0.00700    0.04692
    156000    0.00682    0.04668
    156100    0.00683    0.04688
    156200    0.00694    0.04664
    156300    0.00682    0.04689
    156400    0.00670    0.04698
    156500    0.00677    0.04715
    156600    0.00665    0.04668
    156700    0.00683    0.04703
    156800    0.00680    0.04668
    156900    0.00688    0.04696
    157000    0.00694    0.04696
    157100    0.00665    0.04664
    157200    0.00681    0.04697
    157300    0.00677    0.04657
    157400    0.00685    0.04654
    157500    0.00673    0.04669
    157600    0.00687    0.04678
    157700    0.00688    0.04701
    157800    0.00673    0.04712
    157900    0.00694    0.04705
    158000    0.00678    0.04709
    158100    0.00700    0.04818
    158200    0.00715    0.04783
    158300    0.00695    0.04764
    158400    0.00701    0.04712
    158500    0.00694    0.04674
    158600    0.00677    0.04654
    158700    0.00671    0.04662
    158800    0.00673    0.04657
    158900    0.00697    0.04658
    159000    0.00672    0.04654
    159100    0.00680    0.04676
    159200    0.00687    0.04655
    159300    0.00692    0.04698
    159400    0.00687    0.04741
    159500    0.00688    0.04761
    159600    0.00893    0.04928
    159700    0.00706    0.04686
    159800    0.00760    0.04683
    159900    0.00693    0.04702
    160000    0.00683    0.04672
    160100    0.00713    0.04760
    160200    0.00683    0.04638
    160300    0.00690    0.04693
    160400    0.00687    0.04661
    160500    0.00692    0.04702
    160600    0.00708    0.04714
    160700    0.00711    0.04731
    160800    0.00775    0.04703
    160900    0.00760    0.04724
    161000    0.00774    0.04868
    161100    0.00709    0.04640
    161200    0.00761    0.04629
    161300    0.00680    0.04677
    161400    0.00720    0.04665
    161500    0.00680    0.04680
    161600    0.00703    0.04701
    161700    0.00687    0.04737
    161800    0.00685    0.04645
    161900    0.00709    0.04624
    162000    0.00690    0.04691
    162100    0.00698    0.04651
    162200    0.00681    0.04653
    162300    0.00694    0.04644
    162400    0.00679    0.04656
    162500    0.00696    0.04608
    162600    0.00682    0.04630
    162700    0.00671    0.04634
    162800    0.00673    0.04637
    162900    0.00674    0.04631
    163000    0.00664    0.04674
    163100    0.00685    0.04757
    163200    0.00679    0.04678
    163300    0.00667    0.04678
    163400    0.00670    0.04686
    163500    0.00675    0.04716
    163600    0.00680    0.04764
    163700    0.00682    0.04649
    163800    0.00698    0.04725
    163900    0.00671    0.04672
    164000    0.00685    0.04717
    164100    0.00668    0.04666
    164200    0.00695    0.04713
    164300    0.00677    0.04690
    164400    0.00670    0.04658
    164500    0.00685    0.04669
    164600    0.00674    0.04644
    164700    0.00681    0.04686
    164800    0.00673    0.04676
    164900    0.00685    0.04693
    165000    0.00659    0.04657
    165100    0.00657    0.04687
    165200    0.00671    0.04711
    165300    0.00694    0.04678
    165400    0.00668    0.04680
    165500    0.00688    0.04651
    165600    0.00689    0.04687
    165700    0.00668    0.04645
    165800    0.00672    0.04648
    165900    0.00678    0.04652
    166000    0.00695    0.04665
    166100    0.00662    0.04663
    166200    0.00672    0.04645
    166300    0.00664    0.04679
    166400    0.00687    0.04671
    166500    0.00675    0.04691
    166600    0.00684    0.04702
    166700    0.00671    0.04647
    166800    0.00670    0.04668
    166900    0.00681    0.04685
    167000    0.00698    0.04677
    167100    0.00669    0.04655
    167200    0.00666    0.04673
    167300    0.00671    0.04680
    167400    0.00678    0.04678
    167500    0.00696    0.04686
    167600    0.00717    0.04766
    167700    0.00775    0.04802
    167800    0.00787    0.04744
    167900    0.00753    0.04769
    168000    0.00716    0.04638
    168100    0.00750    0.04667
    168200    0.00792    0.04834
    168300    0.00894    0.04784
    168400    0.00734    0.04789
    168500    0.00724    0.04828
    168600    0.00734    0.04858
    168700    0.00774    0.04745
    168800    0.00784    0.04717
    168900    0.00811    0.04684
    169000    0.00729    0.04662
    169100    0.00748    0.04803
    169200    0.00692    0.04633
    169300    0.00682    0.04653
    169400    0.00699    0.04681
    169500    0.00708    0.04587
    169600    0.00713    0.04645
    169700    0.00723    0.04650
    169800    0.00697    0.04651
    169900    0.00697    0.04623
    170000    0.00683    0.04643
    170100    0.00685    0.04669
    170200    0.00698    0.04698
    170300    0.00718    0.04632
    170400    0.00709    0.04645
    170500    0.00684    0.04713
    170600    0.00728    0.04768
    170700    0.00700    0.04725
    170800    0.00702    0.04689
    170900    0.00693    0.04622
    171000    0.00686    0.04651
    171100    0.00695    0.04609
    171200    0.00713    0.04762
    171300    0.00750    0.04787
    171400    0.00713    0.04696
    171500    0.00719    0.04736
    171600    0.00723    0.04733
    171700    0.00736    0.04687
    171800    0.00719    0.04692
    171900    0.00760    0.04658
    172000    0.00731    0.04708
    172100    0.00718    0.04783
    172200    0.00671    0.04626
    172300    0.00684    0.04682
    172400    0.00710    0.04731
    172500    0.00712    0.04709
    172600    0.00700    0.04615
    172700    0.00824    0.04763
    172800    0.00722    0.04715
    172900    0.00726    0.04653
    173000    0.00744    0.04606
    173100    0.00745    0.04713
    173200    0.00717    0.04549
    173300    0.00755    0.04621
    173400    0.00693    0.04600
    173500    0.00704    0.04613
    173600    0.00684    0.04550
    173700    0.00788    0.04622
    173800    0.00682    0.04545
    173900    0.00680    0.04546
    174000    0.00695    0.04580
    174100    0.00690    0.04611
    174200    0.00728    0.04600
    174300    0.00678    0.04614
    174400    0.00690    0.04580
    174500    0.00756    0.04644
    174600    0.00743    0.04585
    174700    0.00703    0.04582
    174800    0.00722    0.04563
    174900    0.00699    0.04617
    175000    0.00728    0.04625
    175100    0.00757    0.04709
    175200    0.00690    0.04586
    175300    0.00725    0.04739
    175400    0.00713    0.04635
    175500    0.00694    0.04640
    175600    0.00706    0.04567
    175700    0.00735    0.04642
    175800    0.00726    0.04688
    175900    0.00721    0.04661
    176000    0.00699    0.04623
    176100    0.00751    0.04622
    176200    0.00707    0.04607
    176300    0.00694    0.04600
    176400    0.00702    0.04635
    176500    0.00677    0.04646
    176600    0.00726    0.04604
    176700    0.00692    0.04609
    176800    0.00677    0.04599
    176900    0.00737    0.04592
    177000    0.00699    0.04593
    177100    0.00700    0.04599
    177200    0.00726    0.04583
    177300    0.00712    0.04545
    177400    0.00704    0.04656
    177500    0.00730    0.04651
    177600    0.00705    0.04574
    177700    0.00675    0.04564
    177800    0.00708    0.04628
    177900    0.00698    0.04570
    178000    0.00703    0.04652
    178100    0.00684    0.04602
    178200    0.00673    0.04510
    178300    0.00683    0.04633
    178400    0.00670    0.04578
    178500    0.00664    0.04540
    178600    0.00696    0.04621
    178700    0.00671    0.04548
    178800    0.00701    0.04539
    178900    0.00696    0.04588
    179000    0.00663    0.04574
    179100    0.00689    0.04633
    179200    0.00686    0.04556
    179300    0.00710    0.04611
    179400    0.00690    0.04602
    179500    0.00666    0.04593
    179600    0.00686    0.04561
    179700    0.00721    0.04684
    179800    0.00689    0.04579
    179900    0.00675    0.04556
    180000    0.00673    0.04574
    180100    0.00683    0.04579
    180200    0.00674    0.04622
    180300    0.00674    0.04579
    180400    0.00679    0.04564
    180500    0.00691    0.04558
    180600    0.00676    0.04619
    180700    0.00692    0.04729
    180800    0.00703    0.04591
    180900    0.00698    0.04708
    181000    0.00720    0.04613
    181100    0.00691    0.04621
    181200    0.00718    0.04592
    181300    0.00689    0.04606
    181400    0.00722    0.04679
    181500    0.00706    0.04640
    181600    0.00713    0.04643
    181700    0.00690    0.04555
    181800    0.00703    0.04617
    181900    0.00787    0.04688
    182000    0.00783    0.04750
    182100    0.00968    0.05033
    182200    0.00772    0.04431
    182300    0.00722    0.04593
    182400    0.00748    0.04583
    182500    0.00742    0.04573
    182600    0.00750    0.04596
    182700    0.00720    0.04713
    182800    0.00718    0.04692
    182900    0.00752    0.04761
    183000    0.00711    0.04801
    183100    0.00815    0.04608
    183200    0.00707    0.04521
    183300    0.00715    0.04544
    183400    0.00677    0.04567
    183500    0.00678    0.04624
    183600    0.00673    0.04591
    183700    0.00700    0.04627
    183800    0.00698    0.04547
    183900    0.00692    0.04587
    184000    0.00689    0.04581
    184100    0.00661    0.04548
    184200    0.00680    0.04576
    184300    0.00670    0.04589
    184400    0.00691    0.04605
    184500    0.00675    0.04598
    184600    0.00677    0.04584
    184700    0.00687    0.04622
    184800    0.00697    0.04667
    184900    0.00665    0.04584
    185000    0.00681    0.04643
    185100    0.00669    0.04597
    185200    0.00683    0.04623
    185300    0.00691    0.04588
    185400    0.00664    0.04642
    185500    0.00693    0.04707
    185600    0.00682    0.04664
    185700    0.00689    0.04647
    185800    0.00715    0.04596
    185900    0.00673    0.04610
    186000    0.00674    0.04587
    186100    0.00675    0.04580
    186200    0.00684    0.04609
    186300    0.00678    0.04626
    186400    0.00680    0.04569
    186500    0.00694    0.04624
    186600    0.00682    0.04591
    186700    0.00682    0.04630
    186800    0.00672    0.04610
    186900    0.00696    0.04660
    187000    0.00661    0.04586
    187100    0.00667    0.04654
    187200    0.00675    0.04652
    187300    0.00774    0.04616
    187400    0.00736    0.04587
    187500    0.00688    0.04550
    187600    0.00685    0.04558
    187700    0.00669    0.04530
    187800    0.00691    0.04540
    187900    0.00751    0.04566
    188000    0.00717    0.04601
    188100    0.00697    0.04616
    188200    0.00693    0.04599
    188300    0.00698    0.04678
    188400    0.00672    0.04570
    188500    0.00696    0.04521
    188600    0.00689    0.04547
    188700    0.00665    0.04589
    188800    0.00675    0.04595
    188900    0.00690    0.04536
    189000    0.00685    0.04546
    189100    0.00669    0.04545
    189200    0.00668    0.04562
    189300    0.00679    0.04531
    189400    0.00689    0.04609
    189500    0.00728    0.04572
    189600    0.00661    0.04550
    189700    0.00693    0.04609
    189800    0.00710    0.04622
    189900    0.00681    0.04554
    190000    0.00694    0.04570
    190100    0.00779    0.04492
    190200    0.00720    0.04640
    190300    0.00698    0.04649
    190400    0.00689    0.04512
    190500    0.00701    0.04546
    190600    0.00702    0.04529
    190700    0.00727    0.04661
    190800    0.00682    0.04604
    190900    0.00731    0.04544
    191000    0.00695    0.04535
    191100    0.00678    0.04522
    191200    0.00697    0.04563
    191300    0.00687    0.04502
    191400    0.00703    0.04573
    191500    0.00686    0.04570
    191600    0.00686    0.04602
    191700    0.00687    0.04554
    191800    0.00681    0.04564
    191900    0.00680    0.04536
    192000    0.00667    0.04502
    192100    0.00706    0.04602
    192200    0.00689    0.04626
    192300    0.00698    0.04555
    192400    0.00767    0.04564
    192500    0.00671    0.04653
    192600    0.00686    0.04622
    192700    0.00661    0.04566
    192800    0.00701    0.04687
    192900    0.00728    0.04591
    193000    0.00709    0.04578
    193100    0.00683    0.04533
    193200    0.00716    0.04545
    193300    0.00702    0.04571
    193400    0.00690    0.04606
    193500    0.00715    0.04589
    193600    0.00705    0.04584
    193700    0.00676    0.04562
    193800    0.00718    0.04689
    193900    0.00705    0.04635
    194000    0.00677    0.04579
    194100    0.00689    0.04589
    194200    0.00739    0.04604
    194300    0.00686    0.04711
    194400    0.00674    0.04628
    194500    0.00695    0.04627
    194600    0.00696    0.04676
    194700    0.00699    0.04601
    194800    0.00704    0.04621
    194900    0.00748    0.04609
    195000    0.00825    0.04704
    195100    0.00700    0.04612
    195200    0.00730    0.04580
    195300    0.00695    0.04566
    195400    0.00692    0.04593
    195500    0.00677    0.04533
    195600    0.00677    0.04612
    195700    0.00695    0.04621
    195800    0.00730    0.04565
    195900    0.00711    0.04633
    196000    0.00668    0.04511
    196100    0.00696    0.04534
    196200    0.00690    0.04566
    196300    0.00712    0.04604
    196400    0.00708    0.04601
    196500    0.00667    0.04591
    196600    0.00673    0.04541
    196700    0.00723    0.04529
    196800    0.00675    0.04657
    196900    0.00692    0.04617
    197000    0.00666    0.04597
    197100    0.00697    0.04583
    197200    0.00672    0.04662
    197300    0.00716    0.04574
    197400    0.00687    0.04578
    197500    0.00678    0.04550
    197600    0.00707    0.04609
    197700    0.00687    0.04609
    197800    0.00679    0.04574
    197900    0.00676    0.04545
    198000    0.00729    0.04562
    198100    0.00683    0.04568
    198200    0.00708    0.04542
    198300    0.00705    0.04628
    198400    0.00701    0.04719
    198500    0.00691    0.04584
    198600    0.00733    0.04687
    198700    0.00709    0.04636
    198800    0.00744    0.04710
    198900    0.00826    0.04683
    199000    0.00693    0.04546
    199100    0.00714    0.04563
    199200    0.00713    0.04582
    199300    0.00689    0.04642
    199400    0.00704    0.04592
    199500    0.00706    0.04554
    199600    0.00663    0.04538
    199700    0.00688    0.04553
    199800    0.00678    0.04535
    199900    0.00693    0.04606
    200000    0.00674    0.04502
